Distilled Models
Dataset	k	F1	AUC	AUPRC	MINPSE

Directly learn on labels
==
Learn on local network predictions

EN
ards24	2	0.542	0.743	0.619	0.332	0.008	0.012	0.003	0.020
ards24	4	0.533	0.738	0.613	0.304	0.011	0.021	0.012	0.031
ards24	5	0.547	0.628	0.565	0.340	0.055	0.012	0.006	0.078
sepsis24	2	0.502	0.844	0.652	0.413	0.009	0.011	0.010	0.088
sepsis24	3	0.497	0.837	0.644	0.390	0.003	0.014	0.014	0.067
sepsis24	4	0.495	0.839	0.646	0.347	0.006	0.011	0.012	0.095
=========

DCN
ards24	2	0.544	0.742	0.622	0.341	0.012	0.015	0.009	0.019
sepsis24	2	0.499	0.849	0.656	0.337	0.002	0.007	0.011	0.061
sepsis24	3	0.504	0.851	0.657	0.339	0.005	0.010	0.014	0.069
sepsis24	4	0.499	0.846	0.654	0.395	0.003	0.015	0.015	0.105
sepsis24	5	0.501	0.845	0.648	0.363	0.006	0.009	0.013	0.089
========
ards24	2	0.496	0.602	0.543	0.177	0.016	0.088	0.035	0.150
ards24	3	0.508	0.551	0.521	0.227	0.031	0.060	0.037	0.114
ards24	4	0.496	0.540	0.505	0.271	0.015	0.026	0.003	0.161
sepsis24	2	0.487	0.726	0.586	0.101	0.006	0.090	0.042	0.203
sepsis24	3	0.487	0.745	0.594	0.126	0.005	0.042	0.016	0.160
sepsis24	4	0.491	0.642	0.532	0.216	0.006	0.080	0.033	0.140
sepsis24	5	0.488	0.597	0.524	0.185	0.003	0.059	0.032	0.154

IDEC
ards24	2	0.544	0.742	0.622	0.341	0.012	0.015	0.009	0.019
ards24	3	0.551	0.720	0.610	0.333	0.019	0.008	0.008	0.063
sepsis24	3	0.500	0.851	0.655	0.315	0.005	0.010	0.012	0.055
sepsis24	4	0.497	0.847	0.650	0.354	0.004	0.014	0.010	0.129
sepsis24	5	0.501	0.845	0.648	0.363	0.006	0.009	0.013	0.089
=============
ards24	2	0.496	0.602	0.543	0.177	0.016	0.088	0.035	0.150
ards24	3	0.508	0.551	0.521	0.227	0.031	0.060	0.037	0.114
ards24	4	0.496	0.540	0.505	0.271	0.015	0.026	0.003	0.161
sepsis24	2	0.487	0.726	0.586	0.101	0.006	0.090	0.042	0.203
sepsis24	3	0.487	0.745	0.594	0.126	0.005	0.042	0.016	0.160
sepsis24	4	0.491	0.642	0.532	0.216	0.006	0.080	0.033	0.140
sepsis24	5	0.488	0.597	0.524	0.185	0.003	0.059	0.032	0.154

KM
ards24	2	0.532	0.739	0.623	0.330	0.014	0.010	0.005	0.018
sepsis24	2	0.501	0.855	0.658	0.331	0.001	0.011	0.008	0.033
sepsis24	3	0.501	0.849	0.655	0.370	0.003	0.016	0.011	0.080
sepsis24	4	0.502	0.853	0.648	0.299	0.007	0.012	0.012	0.038
======
ards24	2	0.564	0.689	0.607	0.347	0.003	0.019	0.007	0.029
ards24	3	0.529	0.667	0.585	0.271	0.037	0.035	0.009	0.056
ards24	5	0.509	0.661	0.584	0.286	0.018	0.042	0.012	0.033
sepsis24	2	0.505	0.820	0.639	0.240	0.021	0.013	0.010	0.171
sepsis24	3	0.492	0.815	0.618	0.199	0.004	0.013	0.018	0.039
sepsis24	4	0.498	0.811	0.625	0.207	0.011	0.024	0.022	0.169

Distilled Model Metrics
[Avg]	Dataset	k	F1	AUC	AUPRC	MINPSE
	ards24	2	0.542	0.743	0.619	0.332

[Std]	F1	AUC	AUPRC	MINPSE
	0.008	0.012	0.003	0.020

Distilled Model Metrics
[Avg]	Dataset	k	F1	AUC	AUPRC	MINPSE
	ards24	4	0.533	0.738	0.613	0.304

[Std]	F1	AUC	AUPRC	MINPSE
	0.011	0.021	0.012	0.031

Distilled Model Metrics
[Avg]	Dataset	k	F1	AUC	AUPRC	MINPSE
	sepsis24	2	0.502	0.844	0.652	0.413

[Std]	F1	AUC	AUPRC	MINPSE
	0.009	0.011	0.010	0.088

Distilled Model Metrics
[Avg]	Dataset	k	F1	AUC	AUPRC	MINPSE
	sepsis24	3	0.497	0.837	0.644	0.390

[Std]	F1	AUC	AUPRC	MINPSE
	0.003	0.014	0.014	0.067

Distilled Model Metrics
[Avg]	Dataset	k	F1	AUC	AUPRC	MINPSE
	sepsis24	4	0.495	0.839	0.646	0.347

[Std]	F1	AUC	AUPRC	MINPSE
	0.006	0.011	0.012	0.095
