Attention Train, Attention Test: F,T
0.553	0.749	0.625	0.311	0.742	1.533	1.094
0.529	0.745	0.617	0.342	0.657	1.351	1.523
0.543	0.735	0.611	0.304	0.612	1.316	1.596
0.555	0.740	0.616	0.266	0.364	1.188	1.774
Attention Train, Attention Test: F,F
0.590	0.762	0.631	0.328	0.717	1.533	1.091
0.545	0.755	0.626	0.293	0.625	1.358	1.546
0.563	0.748	0.617	0.300	0.511	1.299	1.515
0.504	0.740	0.617	0.157	0.387	1.259	1.859
Attention Train, Attention Test: T,F
0.607	0.776	0.635	0.322	0.457	1.481	1.351
0.591	0.779	0.632	0.298	0.282	0.889	0.731
0.612	0.766	0.630	0.323	0.367	1.176	1.482
0.600	0.760	0.629	0.325	0.301	1.072	1.945
Attention Train, Attention Test: T,T
0.606	0.780	0.639	0.323	0.477	1.528	1.345
0.595	0.787	0.638	0.322	0.206	0.892	1.171
0.577	0.777	0.638	0.327	0.349	1.263	2.069
0.598	0.789	0.638	0.319	0.284	0.889	0.912
ExpertNet Ablations

Attention Train, Attention Test: F,T
ards	6	0.559	0.757	0.630	0.290	0.500	0.354	1.046	1.760
ards	7	0.561	0.746	0.624	0.389	0.500	0.425	1.170	1.546
ards	8	0.545	0.754	0.624	0.212	0.500	0.460	1.149	1.336
ards	9	0.529	0.752	0.622	0.277	0.500	0.494	0.666	1.501
ards	10	0.563	0.745	0.621	0.323	0.500	0.471	0.661	1.637
Attention Train, Attention Test: T,T
ards	6	0.595	0.777	0.633	0.321	0.500	0.359	0.406	0.484
ards	7	0.599	0.775	0.638	0.323	0.500	0.273	1.139	1.896
ards	8	0.602	0.753	0.635	0.324	0.500	0.070	0.347	0.636
ards	9	0.617	0.784	0.636	0.351	0.500	0.222	0.775	1.040
ards	10	0.596	0.783	0.638	0.308	0.500	0.210	0.707	1.560
