w/o backprop
============

DMNN Experiments
DMNN
Respiratory 24
k = 2
F1: [0.617, 0.634, 0.597, 0.479, 0.531, 0.562, 0.604, 0.482, 0.625, 0.485, 0.48, 0.524, 0.541, 0.606, 0.48, 0.57, 0.617, 0.592, 0.516, 0.577, 0.64]
AUC: [0.482, 0.58, 0.81, 0.787, 0.798, 0.774, 0.777, 0.799, 0.804, 0.8, 0.807, 0.209, 0.79, 0.793, 0.785, 0.797, 0.806, 0.791, 0.806, 0.783, 0.797]
AUPRC: [0.083, 0.214, 0.333, 0.313, 0.28, 0.29, 0.331, 0.28, 0.311, 0.322, 0.345, 0.043, 0.31, 0.296, 0.29, 0.312, 0.307, 0.297, 0.357, 0.3, 0.336]
MINPSE: [0.3, 0.352, 0.332, 0.0, 0.322, 0.331, 0.378, 0.0, 0.38, 0.254, 0.0, 0.238, 0.277, 0.333, 0.0, 0.335, 0.378, 0.294, 0.283, 0.303, 0.38]
SIL: [0, 0, 0, 0, 0, 0, 0.59120196, 0, 0, 0, 0, 0, 0, 0, 0.40060878, 0, 0, 0, 0, 0, 0.46597552]
Sub Epochs: False
Eta: 0.0
[Avg]	Dataset	k	F1	AUC	AUPRC	MINPSE	ACC	SIL	HTFD	WDFD
	ards24	2	0.560	0.742	0.283	0.260	0.924	0.069	0.978	0.000
[Std]	F1	AUC	AUPRC	MINPSE	ACC	SIL	HTFD	WDFD
	0.056	0.143	0.077	0.132	0.005	0.173	0.874	nan
k = 3
F1: [0.547, 0.484, 0.48, 0.491, 0.509, 0.542, 0.528, 0.531, 0.584, 0.546, 0.564, 0.5, 0.536, 0.576, 0.484, 0.481, 0.589, 0.585, 0.481, 0.48, 0.635]
AUC: [0.786, 0.803, 0.807, 0.782, 0.799, 0.774, 0.796, 0.799, 0.804, 0.8, 0.799, 0.794, 0.792, 0.795, 0.791, 0.799, 0.806, 0.799, 0.556, 0.782, 0.675]
AUPRC: [0.319, 0.333, 0.324, 0.315, 0.309, 0.259, 0.352, 0.29, 0.297, 0.321, 0.339, 0.278, 0.308, 0.305, 0.297, 0.316, 0.3, 0.348, 0.132, 0.299, 0.175]
MINPSE: [0.322, 0.502, 0.0, 0.381, 0.403, 0.25, 0.344, 0.31, 0.327, 0.284, 0.339, 0.189, 0.319, 0.3, 0.502, 0.0, 0.338, 0.34, 0.0, 0.0, 0.352]
SIL: [0, 0, 0, 0, 0, 0, 0, 0, 0, 0, 0, 0.4241217, 0, 0, 0, 0, 0, 0, 0, 0, 0]
Sub Epochs: False
Eta: 0.0
[Avg]	Dataset	k	F1	AUC	AUPRC	MINPSE	ACC	SIL	HTFD	WDFD
	ards24	3	0.531	0.778	0.296	0.276	0.925	0.020	0.858	0.000
[Std]	F1	AUC	AUPRC	MINPSE	ACC	SIL	HTFD	WDFD
	0.044	0.056	0.051	0.150	0.004	0.090	0.900	nan
k = 4
F1: [0.529, 0.48, 0.48, 0.479, 0.542, 0.53, 0.544, 0.537, 0.596, 0.478, 0.48, 0.577, 0.52, 0.618, 0.542, 0.591, 0.597, 0.642, 0.59, 0.48, 0.481]
AUC: [0.221, 0.801, 0.807, 0.788, 0.805, 0.774, 0.791, 0.8, 0.806, 0.798, 0.801, 0.794, 0.789, 0.799, 0.789, 0.79, 0.8, 0.788, 0.807, 0.784, 0.798]
AUPRC: [0.048, 0.312, 0.317, 0.323, 0.301, 0.291, 0.36, 0.293, 0.297, 0.318, 0.347, 0.277, 0.294, 0.311, 0.278, 0.283, 0.304, 0.31, 0.353, 0.301, 0.332]
MINPSE: [0.305, 0.0, 0.0, 0.0, 0.271, 0.296, 0.363, 0.273, 0.31, 0.0, 0.0, 0.281, 0.226, 0.362, 0.308, 0.295, 0.329, 0.348, 0.347, 0.0, 0.0]
SIL: [0, 0, 0, 0, 0, 0, 0, 0, 0, 0, 0, 0, 0, 0, 0, 0, 0, 0, 0, 0, 0]
Sub Epochs: False
Eta: 0.0
[Avg]	Dataset	k	F1	AUC	AUPRC	MINPSE	ACC	SIL	HTFD	WDFD
	ards24	4	0.539	0.768	0.298	0.205	0.924	0.000	0.772	0.000
[Std]	F1	AUC	AUPRC	MINPSE	ACC	SIL	HTFD	WDFD
	0.051	0.123	0.060	0.148	0.003	0.000	0.892	nan
k = 5
F1: [0.479, 0.48, 0.543, 0.636, 0.485, 0.558, 0.585, 0.49, 0.595, 0.589, 0.48, 0.551, 0.621, 0.612, 0.506, 0.493, 0.604, 0.604, 0.575, 0.524, 0.5]
AUC: [0.78, 0.806, 0.809, 0.765, 0.804, 0.786, 0.775, 0.798, 0.8, 0.794, 0.807, 0.798, 0.783, 0.795, 0.786, 0.792, 0.81, 0.526, 0.796, 0.779, 0.779]
AUPRC: [0.301, 0.315, 0.311, 0.277, 0.282, 0.295, 0.325, 0.279, 0.296, 0.327, 0.312, 0.287, 0.309, 0.319, 0.277, 0.322, 0.29, 0.104, 0.318, 0.29, 0.306]
MINPSE: [0.0, 0.0, 0.293, 0.371, 0.127, 0.269, 0.339, 0.338, 0.314, 0.33, 0.0, 0.261, 0.349, 0.336, 0.264, 0.256, 0.319, 0.268, 0.362, 0.296, 0.237]
SIL: [0, 0, 0, 0.4663038, 0, 0.36368617, 0, 0, 0, 0, 0, 0, 0, 0, 0, 0.4322178, 0, 0.59343004, 0, 0, 0]
Sub Epochs: False
Eta: 0.0
[Avg]	Dataset	k	F1	AUC	AUPRC	MINPSE	ACC	SIL	HTFD	WDFD
	ards24	5	0.548	0.779	0.292	0.254	0.924	0.088	0.863	0.000
[Std]	F1	AUC	AUPRC	MINPSE	ACC	SIL	HTFD	WDFD
	0.053	0.058	0.045	0.116	0.005	0.186	0.896	nan
DMNN
Sepsis 24
k = 2
F1: [0.552, 0.703, 0.484, 0.639, 0.633, 0.485, 0.675, 0.661, 0.693, 0.711, 0.554, 0.69, 0.488, 0.484, 0.679, 0.485, 0.688, 0.483, 0.584, 0.663, 0.65]
AUC: [0.856, 0.858, 0.774, 0.837, 0.851, 0.869, 0.874, 0.864, 0.851, 0.878, 0.818, 0.86, 0.876, 0.865, 0.867, 0.871, 0.861, 0.865, 0.857, 0.864, 0.873]
AUPRC: [0.365, 0.426, 0.129, 0.399, 0.343, 0.437, 0.444, 0.383, 0.448, 0.444, 0.304, 0.412, 0.372, 0.44, 0.419, 0.404, 0.438, 0.422, 0.364, 0.415, 0.451]
MINPSE: [0.346, 0.471, 0.0, 0.452, 0.388, 0.0, 0.461, 0.42, 0.46, 0.496, 0.511, 0.463, 0.502, 0.0, 0.436, 0.0, 0.448, 0.0, 0.391, 0.43, 0.481]
SIL: [0, 0, 0.5727088, 0, 0, 0, 0, 0, 0, 0, 0.303312, 0, 0.3448464, 0, 0, 0, 0, 0.34277588, 0, 0, 0]
Sub Epochs: False
Eta: 0.0
[Avg]	Dataset	k	F1	AUC	AUPRC	MINPSE	ACC	SIL	HTFD	WDFD
	sepsis24	2	0.604	0.857	0.393	0.341	0.944	0.074	1.155	0.000
[Std]	F1	AUC	AUPRC	MINPSE	ACC	SIL	HTFD	WDFD
	0.086	0.023	0.070	0.194	0.004	0.160	0.783	nan
k = 3
F1: [0.484, 0.683, 0.623, 0.672, 0.484, 0.603, 0.483, 0.671, 0.695, 0.715, 0.556, 0.705, 0.683, 0.678, 0.655, 0.532, 0.701, 0.594, 0.493, 0.503, 0.484]
AUC: [0.858, 0.825, 0.834, 0.839, 0.852, 0.871, 0.871, 0.855, 0.857, 0.864, 0.86, 0.862, 0.843, 0.868, 0.865, 0.873, 0.87, 0.869, 0.853, 0.866, 0.881]
AUPRC: [0.404, 0.369, 0.345, 0.398, 0.365, 0.426, 0.449, 0.389, 0.437, 0.479, 0.434, 0.413, 0.421, 0.429, 0.407, 0.424, 0.455, 0.426, 0.4, 0.426, 0.451]
MINPSE: [0.0, 0.406, 0.386, 0.428, 0.0, 0.488, 0.0, 0.412, 0.484, 0.469, 0.473, 0.493, 0.445, 0.463, 0.442, 0.344, 0.458, 0.408, 0.504, 0.366, 0.0]
SIL: [0, 0, 0, 0, 0.39706314, 0, 0, 0, 0, 0, 0, 0, 0, 0, 0, 0, 0, 0.3951004, 0.3757225, 0, 0]
Sub Epochs: False
Eta: 0.0
[Avg]	Dataset	k	F1	AUC	AUPRC	MINPSE	ACC	SIL	HTFD	WDFD
	sepsis24	3	0.605	0.859	0.417	0.356	0.943	0.056	0.686	0.000
[Std]	F1	AUC	AUPRC	MINPSE	ACC	SIL	HTFD	WDFD
	0.087	0.014	0.031	0.177	0.004	0.136	0.875	nan
k = 4
F1: [0.484, 0.695, 0.484, 0.661, 0.654, 0.649, 0.483, 0.484, 0.539, 0.696, 0.665, 0.631, 0.681, 0.484, 0.706, 0.634, 0.652, 0.602, 0.685, 0.663, 0.687]
AUC: [0.856, 0.841, 0.842, 0.837, 0.857, 0.867, 0.868, 0.857, 0.852, 0.844, 0.864, 0.864, 0.865, 0.864, 0.858, 0.869, 0.862, 0.866, 0.86, 0.866, 0.877]
AUPRC: [0.359, 0.398, 0.363, 0.398, 0.373, 0.457, 0.434, 0.368, 0.424, 0.313, 0.414, 0.404, 0.419, 0.418, 0.419, 0.435, 0.446, 0.429, 0.434, 0.352, 0.453]
MINPSE: [0.0, 0.456, 0.0, 0.419, 0.38, 0.512, 0.0, 0.0, 0.45, 0.455, 0.493, 0.441, 0.472, 0.0, 0.463, 0.462, 0.499, 0.42, 0.461, 0.408, 0.486]
SIL: [0.4351853, 0, 0, 0, 0, 0, 0, 0, 0.2706608, 0, 0, 0.43342865, 0, 0, 0, 0.39935997, 0, 0, 0, 0, 0]
Sub Epochs: False
Eta: 0.0
[Avg]	Dataset	k	F1	AUC	AUPRC	MINPSE	ACC	SIL	HTFD	WDFD
	sepsis24	4	0.615	0.859	0.405	0.347	0.944	0.073	0.642	0.000
[Std]	F1	AUC	AUPRC	MINPSE	ACC	SIL	HTFD	WDFD
	0.081	0.010	0.037	0.196	0.005	0.154	0.840	nan
k = 5
F1: [0.661, 0.657, 0.64, 0.706, 0.645, 0.626, 0.483, 0.642, 0.6, 0.685, 0.644, 0.683, 0.696, 0.594, 0.697, 0.485, 0.685, 0.656, 0.643, 0.677, 0.584]
AUC: [0.856, 0.818, 0.828, 0.34, 0.833, 0.868, 0.871, 0.859, 0.853, 0.879, 0.86, 0.858, 0.879, 0.862, 0.868, 0.871, 0.808, 0.864, 0.861, 0.868, 0.865]
AUPRC: [0.415, 0.38, 0.363, 0.051, 0.31, 0.42, 0.425, 0.374, 0.431, 0.433, 0.428, 0.407, 0.465, 0.418, 0.388, 0.418, 0.372, 0.403, 0.426, 0.437, 0.404]
MINPSE: [0.458, 0.43, 0.408, 0.452, 0.387, 0.481, 0.0, 0.423, 0.469, 0.476, 0.45, 0.456, 0.46, 0.399, 0.432, 0.0, 0.498, 0.418, 0.441, 0.467, 0.391]
SIL: [0, 0, 0, 0, 0, 0, 0, 0, 0.12946606, 0, 0, 0, 0, 0, 0, 0, 0, 0.48334506, 0, 0.40215668, 0.21679093]
Sub Epochs: False
Eta: 0.0
[Avg]	Dataset	k	F1	AUC	AUPRC	MINPSE	ACC	SIL	HTFD	WDFD
	sepsis24	5	0.638	0.832	0.389	0.400	0.944	0.059	0.519	0.000
[Std]	F1	AUC	AUPRC	MINPSE	ACC	SIL	HTFD	WDFD
	0.060	0.112	0.082	0.133	0.005	0.136	0.812	nan


============================

DMNN Experiments
DMNN
Respiratory 24
k = 2
k = 3
DMNN Experiments
DMNN
Respiratory 24
k = 2
F1: [0.075, 0.076, 0.48, 0.562, 0.481, 0.479, 0.479, 0.068, 0.103, 0.083, 0.551, 0.078, 0.481, 0.48, 0.071, 0.467, 0.068, 0.479, 0.098, 0.078, 0.069]
AUC: [0.38, 0.461, 0.522, 0.653, 0.388, 0.524, 0.39, 0.548, 0.368, 0.586, 0.555, 0.53, 0.421, 0.451, 0.45, 0.377, 0.581, 0.383, 0.411, 0.477, 0.533]
AUPRC: [0.064, 0.093, 0.079, 0.158, 0.059, 0.091, 0.064, 0.095, 0.053, 0.115, 0.114, 0.084, 0.061, 0.071, 0.076, 0.059, 0.099, 0.057, 0.07, 0.075, 0.102]
MINPSE: [0.25, 0.403, 0.0, 0.249, 0.0, 0.0, 0.0, 0.501, 0.428, 0.479, 0.247, 0.504, 0.0, 0.0, 0.0, 0.334, 0.0, 0.0, 0.486, 0.44, 0.0]
SIL: [0.5519381, 0, 0, 0.5971083, 0, 0, 0, 0, 0, 0, 0.5733633, 0.8899072, 0, 0, 0, 0.59235054, 0, 0, 0.60349625, 0, 0.6079179]
Sub Epochs: False
Eta: 0.0
[Avg]	Dataset	k	F1	AUC	AUPRC	MINPSE	ACC	SIL	HTFD	WDFD
	ards24	2	0.276	0.476	0.083	0.206	0.458	0.210	1.351	0.000
[Std]	F1	AUC	AUPRC	MINPSE	ACC	SIL	HTFD	WDFD
	0.209	0.082	0.025	0.209	0.399	0.304	0.626	nan
k = 3
F1: [0.244, 0.072, 0.117, 0.49, 0.067, 0.479, 0.169, 0.482, 0.437, 0.529, 0.071, 0.285, 0.357, 0.327, 0.075, 0.3, 0.542, 0.069, 0.498, 0.537, 0.069]
AUC: [0.359, 0.546, 0.516, 0.52, 0.625, 0.461, 0.443, 0.461, 0.591, 0.55, 0.575, 0.514, 0.432, 0.53, 0.617, 0.445, 0.458, 0.594, 0.487, 0.671, 0.599]
AUPRC: [0.06, 0.097, 0.116, 0.089, 0.124, 0.077, 0.078, 0.069, 0.083, 0.108, 0.115, 0.081, 0.075, 0.089, 0.117, 0.065, 0.07, 0.113, 0.086, 0.149, 0.097]
MINPSE: [0.292, 0.0, 0.469, 0.055, 0.0, 0.0, 0.387, 0.0, 0.32, 0.128, 0.0, 0.304, 0.305, 0.375, 0.408, 0.318, 0.153, 0.0, 0.096, 0.304, 0.375]
SIL: [0.52001256, 0, 0.52834386, 0, 0.56608194, 0, 0.55993897, 0.5751209, 0.37965116, 0, 0, 0.42979595, 0, 0.44254386, 0.4291416, 0, 0.41088802, 0, 0.42063075, 0.54294384, 0]
Sub Epochs: False
Eta: 0.0
[Avg]	Dataset	k	F1	AUC	AUPRC	MINPSE	ACC	SIL	HTFD	WDFD
	ards24	3	0.296	0.524	0.093	0.204	0.442	0.276	0.707	0.000
[Std]	F1	AUC	AUPRC	MINPSE	ACC	SIL	HTFD	WDFD
	0.183	0.076	0.022	0.163	0.342	0.245	0.764	nan
k = 4
F1: [0.498, 0.48, 0.07, 0.482, 0.068, 0.075, 0.084, 0.482, 0.261, 0.533, 0.165, 0.074, 0.48, 0.514, 0.074, 0.497, 0.069, 0.275, 0.495, 0.515, 0.481]
AUC: [0.556, 0.549, 0.363, 0.557, 0.441, 0.603, 0.389, 0.5, 0.35, 0.601, 0.45, 0.471, 0.423, 0.55, 0.519, 0.412, 0.464, 0.629, 0.664, 0.543, 0.656]
AUPRC: [0.101, 0.088, 0.058, 0.127, 0.068, 0.122, 0.063, 0.083, 0.051, 0.115, 0.068, 0.07, 0.066, 0.098, 0.101, 0.067, 0.077, 0.127, 0.137, 0.092, 0.137]
MINPSE: [0.065, 0.0, 0.0, 0.035, 0.334, 0.501, 0.404, 0.0, 0.287, 0.168, 0.486, 0.503, 0.0, 0.102, 0.411, 0.082, 0.417, 0.466, 0.091, 0.276, 0.0]
SIL: [0, 0, 0, 0.62362653, 0.44612095, 0, 0, 0, 0.4557022, 0.534444, 0.49995878, 0, 0.4129186, 0.45517933, 0, 0.61304754, 0.6206252, 0, 0.42661017, 0.40735686, 0.4430822]
Sub Epochs: False
Eta: 0.0
[Avg]	Dataset	k	F1	AUC	AUPRC	MINPSE	ACC	SIL	HTFD	WDFD
	ards24	4	0.318	0.509	0.091	0.220	0.528	0.283	0.613	0.000
[Std]	F1	AUC	AUPRC	MINPSE	ACC	SIL	HTFD	WDFD
	0.195	0.092	0.027	0.192	0.385	0.252	0.808	nan
k = 5
F1: [0.281, 0.072, 0.484, 0.37, 0.476, 0.488, 0.331, 0.137, 0.166, 0.136, 0.526, 0.069, 0.494, 0.48, 0.292, 0.322, 0.505, 0.141, 0.495, 0.499, 0.318]
AUC: [0.373, 0.562, 0.407, 0.545, 0.59, 0.558, 0.504, 0.408, 0.45, 0.466, 0.609, 0.572, 0.546, 0.581, 0.381, 0.346, 0.453, 0.402, 0.361, 0.546, 0.384]
AUPRC: [0.061, 0.119, 0.065, 0.091, 0.087, 0.098, 0.087, 0.057, 0.072, 0.08, 0.099, 0.097, 0.08, 0.115, 0.059, 0.052, 0.08, 0.061, 0.055, 0.121, 0.06]
MINPSE: [0.274, 0.0, 0.502, 0.296, 0.346, 0.066, 0.438, 0.491, 0.408, 0.457, 0.145, 0.0, 0.051, 0.0, 0.3, 0.225, 0.075, 0.418, 0.268, 0.245, 0.236]
SIL: [0.59232646, 0, 0.54504263, 0.4296878, 0.461953, 0, 0.47307324, 0.48420325, 0.5924567, 0.43581784, 0.42050403, 0, 0.46934474, 0.45391124, 0.42346004, 0.39834684, 0, 0.45711535, 0.37137446, 0, 0.41747785]
Sub Epochs: False
Eta: 0.0
[Avg]	Dataset	k	F1	AUC	AUPRC	MINPSE	ACC	SIL	HTFD	WDFD
	ards24	5	0.337	0.478	0.081	0.250	0.499	0.354	0.321	0.000
[Std]	F1	AUC	AUPRC	MINPSE	ACC	SIL	HTFD	WDFD
	0.158	0.086	0.021	0.165	0.310	0.205	0.667	nan
DMNN
Sepsis 24
k = 2

============================

DMNN Experiments
DMNN
Respiratory 24
k = 2
F1: [0.517, 0.563, 0.488, 0.522, 0.606, 0.49, 0.541, 0.482, 0.586, 0.515, 0.53, 0.507, 0.496, 0.558, 0.549, 0.481, 0.5, 0.557, 0.547, 0.526, 0.552]
AUC: [0.763, 0.782, 0.755, 0.755, 0.717, 0.756, 0.753, 0.544, 0.771, 0.738, 0.774, 0.767, 0.757, 0.759, 0.765, 0.76, 0.731, 0.752, 0.777, 0.731, 0.766]
AUPRC: [0.267, 0.302, 0.272, 0.287, 0.219, 0.24, 0.31, 0.082, 0.253, 0.251, 0.258, 0.235, 0.256, 0.248, 0.266, 0.233, 0.226, 0.276, 0.254, 0.232, 0.282]
MINPSE: [0.344, 0.3, 0.504, 0.375, 0.272, 0.193, 0.38, 0.0, 0.272, 0.27, 0.227, 0.209, 0.162, 0.312, 0.274, 0.0, 0.166, 0.326, 0.265, 0.242, 0.326]
SIL: [0, 0, 0, 0, 0.39850748, 0, 0, 0, 0, 0.5807409, 0, 0, 0, 0, 0, 0, 0.5814913, 0, 0, 0, 0]
Test Cluster Situation: [2]
Sub Epochs: False
Eta: 0.0
[Avg]	Dataset	k	F1	AUC	AUPRC	MINPSE	ACC	SIL	HTFD	WDFD
	ards24	2	0.529	0.746	0.250	0.258	0.923	0.074	1.272	0.000
[Std]	F1	AUC	AUPRC	MINPSE	ACC	SIL	HTFD	WDFD
	0.034	0.048	0.044	0.113	0.004	0.185	0.752	nan
k = 3
F1: [0.563, 0.48, 0.48, 0.555, 0.508, 0.539, 0.498, 0.543, 0.582, 0.478, 0.484, 0.517, 0.59, 0.553, 0.538, 0.581, 0.481, 0.541, 0.587, 0.558, 0.564]
AUC: [0.73, 0.778, 0.442, 0.764, 0.751, 0.716, 0.769, 0.745, 0.761, 0.748, 0.761, 0.762, 0.771, 0.753, 0.76, 0.734, 0.695, 0.761, 0.788, 0.721, 0.772]
AUPRC: [0.261, 0.292, 0.074, 0.315, 0.237, 0.234, 0.298, 0.232, 0.253, 0.258, 0.247, 0.252, 0.282, 0.256, 0.254, 0.24, 0.169, 0.264, 0.301, 0.211, 0.284]
MINPSE: [0.32, 0.0, 0.0, 0.434, 0.233, 0.247, 0.426, 0.278, 0.302, 0.0, 0.085, 0.238, 0.317, 0.339, 0.291, 0.278, 0.0, 0.3, 0.367, 0.251, 0.334]
SIL: [0.60034555, 0, 0, 0, 0, 0.620965, 0, 0, 0.73558056, 0, 0, 0, 0, 0, 0, 0, 0.58961684, 0, 0, 0.6210156, 0]
Test Cluster Situation: [1]
Sub Epochs: False
Eta: 0.0
[Avg]	Dataset	k	F1	AUC	AUPRC	MINPSE	ACC	SIL	HTFD	WDFD
	ards24	3	0.534	0.737	0.248	0.240	0.924	0.151	0.518	0.000
[Std]	F1	AUC	AUPRC	MINPSE	ACC	SIL	HTFD	WDFD
	0.038	0.070	0.050	0.136	0.003	0.271	0.753	nan
k = 4
================
DMNN Experiments
DMNN
Respiratory 24
k = 2
F1: [0.553, 0.58, 0.48, 0.487, 0.599, 0.512, 0.498, 0.514, 0.482, 0.502, 0.494, 0.527, 0.529, 0.571, 0.543, 0.496, 0.527, 0.551, 0.481, 0.484, 0.512]
AUC: [0.725, 0.772, 0.753, 0.758, 0.752, 0.75, 0.733, 0.762, 0.725, 0.737, 0.761, 0.762, 0.769, 0.748, 0.756, 0.77, 0.767, 0.768, 0.762, 0.756, 0.767]
AUPRC: [0.257, 0.299, 0.243, 0.311, 0.242, 0.264, 0.286, 0.259, 0.229, 0.258, 0.253, 0.256, 0.266, 0.256, 0.258, 0.25, 0.236, 0.272, 0.277, 0.253, 0.29]
MINPSE: [0.289, 0.306, 0.0, 0.504, 0.31, 0.363, 0.509, 0.35, 0.0, 0.218, 0.151, 0.399, 0.286, 0.291, 0.258, 0.23, 0.218, 0.31, 0.0, 0.252, 0.349]
SIL: [0.5140407, 0, 0, 0, 0, 0, 0.53534263, 0, 0.42226306, 0, 0, 0, 0, 0, 0, 0, 0, 0, 0, 0, 0]
Test Cluster Situation: [2, 1, 1, 1, 1, 1, 2, 1, 2, 1, 1, 1, 1, 1, 2, 1, 1, 1, 1, 1, 1]
Sub Epochs: False
Eta: 0.0
[Avg]	Dataset	k	F1	AUC	AUPRC	MINPSE	ACC	SIL	HTFD	WDFD
	ards24	2	0.520	0.755	0.263	0.266	0.924	0.070	1.592	0.000
[Std]	F1	AUC	AUPRC	MINPSE	ACC	SIL	HTFD	WDFD
	0.034	0.014	0.020	0.137	0.004	0.173	0.481	nan
k = 3
F1: [0.51, 0.484, 0.543, 0.505, 0.493, 0.487, 0.498, 0.557, 0.525, 0.515, 0.509, 0.497, 0.561, 0.553, 0.503, 0.514, 0.512, 0.518, 0.568, 0.48, 0.612]
AUC: [0.758, 0.78, 0.754, 0.772, 0.764, 0.739, 0.752, 0.758, 0.748, 0.774, 0.77, 0.758, 0.771, 0.745, 0.754, 0.762, 0.772, 0.75, 0.749, 0.757, 0.769]
AUPRC: [0.27, 0.287, 0.255, 0.311, 0.268, 0.24, 0.315, 0.225, 0.235, 0.298, 0.265, 0.243, 0.275, 0.26, 0.252, 0.256, 0.229, 0.256, 0.255, 0.235, 0.26]
MINPSE: [0.298, 0.502, 0.244, 0.451, 0.256, 0.504, 0.509, 0.237, 0.285, 0.282, 0.238, 0.294, 0.284, 0.274, 0.345, 0.255, 0.252, 0.27, 0.294, 0.0, 0.298]
SIL: [0, 0, 0, 0, 0, 0, 0, 0, 0, 0, 0, 0, 0, 0.85115904, 0, 0, 0, 0, 0.5931181, 0.560366, 0]
Test Cluster Situation: [1, 1, 1, 1, 1, 2, 2, 2, 2, 1, 2, 2, 1, 2, 3, 1, 3, 3, 2, 2, 3]
Sub Epochs: False
Eta: 0.0
[Avg]	Dataset	k	F1	AUC	AUPRC	MINPSE	ACC	SIL	HTFD	WDFD
	ards24	3	0.521	0.760	0.261	0.303	0.924	0.095	0.797	0.000
[Std]	F1	AUC	AUPRC	MINPSE	ACC	SIL	HTFD	WDFD
	0.032	0.011	0.024	0.111	0.003	0.239	0.845	nan
k = 4
F1: [0.479, 0.488, 0.484, 0.479, 0.481, 0.507, 0.483, 0.482, 0.498, 0.518, 0.512, 0.533, 0.492, 0.534, 0.514, 0.508, 0.531, 0.493, 0.481, 0.48, 0.485]
AUC: [0.739, 0.735, 0.77, 0.738, 0.738, 0.729, 0.734, 0.728, 0.744, 0.755, 0.739, 0.765, 0.757, 0.727, 0.754, 0.75, 0.769, 0.767, 0.739, 0.748, 0.768]
AUPRC: [0.246, 0.277, 0.262, 0.264, 0.242, 0.223, 0.244, 0.209, 0.241, 0.269, 0.233, 0.24, 0.253, 0.235, 0.231, 0.24, 0.243, 0.263, 0.226, 0.234, 0.273]
MINPSE: [0.0, 0.504, 0.502, 0.0, 0.0, 0.225, 0.502, 0.0, 0.208, 0.272, 0.243, 0.233, 0.156, 0.297, 0.192, 0.306, 0.241, 0.306, 0.0, 0.0, 0.252]
SIL: [0, 0, 0, 0, 0, 0, 0, -0.0012760855, 0, 0, 0, 0, 0, 0, 0, 0, 0.52166474, 0, 0, 0, 0]
Test Cluster Situation: [4, 1, 1, 4, 2, 1, 2, 3, 4, 1, 3, 3, 3, 1, 1, 1, 3, 3, 3, 1, 3]
Sub Epochs: False
Eta: 0.0
[Avg]	Dataset	k	F1	AUC	AUPRC	MINPSE	ACC	SIL	HTFD	WDFD
	ards24	4	0.498	0.747	0.245	0.211	0.924	0.025	0.686	0.000
[Std]	F1	AUC	AUPRC	MINPSE	ACC	SIL	HTFD	WDFD
	0.019	0.014	0.017	0.163	0.003	0.111	0.875	nan
k = 5
DMNN Experiments
DMNN
Respiratory 24
k = 5
F1: [0.479, 0.502, 0.48, 0.501, 0.511, 0.479, 0.49, 0.482, 0.536, 0.526, 0.55, 0.523, 0.481, 0.483, 0.491, 0.485, 0.481, 0.515, 0.501, 0.502, 0.497]
AUC: [0.725, 0.779, 0.747, 0.75, 0.761, 0.698, 0.751, 0.735, 0.757, 0.771, 0.773, 0.756, 0.712, 0.728, 0.733, 0.738, 0.757, 0.76, 0.753, 0.723, 0.759]
AUPRC: [0.25, 0.302, 0.237, 0.286, 0.226, 0.193, 0.285, 0.206, 0.262, 0.276, 0.299, 0.23, 0.201, 0.231, 0.223, 0.235, 0.233, 0.275, 0.285, 0.205, 0.286]
MINPSE: [0.0, 0.262, 0.0, 0.311, 0.19, 0.0, 0.306, 0.0, 0.234, 0.254, 0.351, 0.206, 0.0, 0.252, 0.172, 0.252, 0.0, 0.318, 0.323, 0.199, 0.408]
SIL: [0, 0, 0, 0, 0, 0, 0, 0, 0, 0, 0, 0, 0, 0, 0.78205484, 0, 0.4307762, 0, 0.60562533, 0.46814746, 0]
Test Cluster Situation: [5, 3, 5, 1, 5, 4, 5, 1, 2, 5, 2, 3, 1, 1, 2, 3, 5, 2, 2, 4, 5]
Sub Epochs: False
Eta: 0.0
[Avg]	Dataset	k	F1	AUC	AUPRC	MINPSE	ACC	SIL	HTFD	WDFD
	ards24	5	0.500	0.746	0.249	0.192	0.924	0.109	0.396	0.000
[Std]	F1	AUC	AUPRC	MINPSE	ACC	SIL	HTFD	WDFD
	0.020	0.020	0.034	0.133	0.003	0.232	0.722	nan
DMNN
Sepsis 24
k = 2
k = 3
F1: [0.547, 0.588, 0.517, 0.483, 0.524, 0.599, 0.576, 0.544, 0.484, 0.589, 0.619, 0.558, 0.549, 0.484, 0.552, 0.553, 0.514, 0.509, 0.567, 0.485, 0.484]
AUC: [0.819, 0.806, 0.823, 0.815, 0.805, 0.826, 0.829, 0.821, 0.817, 0.853, 0.815, 0.834, 0.829, 0.824, 0.811, 0.836, 0.823, 0.829, 0.836, 0.814, 0.834]
AUPRC: [0.252, 0.278, 0.271, 0.298, 0.267, 0.295, 0.296, 0.274, 0.305, 0.357, 0.334, 0.333, 0.309, 0.243, 0.287, 0.312, 0.255, 0.322, 0.31, 0.231, 0.289]
MINPSE: [0.299, 0.329, 0.375, 0.0, 0.337, 0.346, 0.318, 0.291, 0.0, 0.408, 0.403, 0.361, 0.348, 0.0, 0.347, 0.347, 0.216, 0.299, 0.379, 0.0, 0.0]
SIL: [0.73530823, 0.7225387, 0, 0.6013215, 0, 0.7409909, 0, 0, 0.6992883, 0.61572665, 0.7186473, 0.7288378, 0.3591135, 0, 0.68092793, 0, 0, 0, 0, 0.6652745, 0.69972724]
Test Cluster Situation: [2, 3, 1, 2, 2, 3, 3, 1, 2, 3, 2, 2, 3, 1, 3, 1, 1, 2, 3, 2, 3]
Sub Epochs: False
Eta: 0.0
[Avg]	Dataset	k	F1	AUC	AUPRC	MINPSE	ACC	SIL	HTFD	WDFD
	sepsis24	3	0.539	0.824	0.291	0.257	0.941	0.379	0.963	0.000
[Std]	F1	AUC	AUPRC	MINPSE	ACC	SIL	HTFD	WDFD
	0.041	0.011	0.031	0.149	0.003	0.337	0.776	nan
k = 4
F1: [0.598, 0.485, 0.599, 0.54, 0.609, 0.552, 0.483, 0.54, 0.541, 0.556, 0.574, 0.521, 0.621, 0.563, 0.549, 0.599, 0.543, 0.483, 0.539, 0.489, 0.534]
AUC: [0.829, 0.817, 0.82, 0.789, 0.808, 0.828, 0.84, 0.81, 0.808, 0.839, 0.821, 0.807, 0.838, 0.815, 0.749, 0.833, 0.834, 0.813, 0.827, 0.813, 0.835]
AUPRC: [0.318, 0.258, 0.272, 0.295, 0.27, 0.292, 0.292, 0.276, 0.312, 0.337, 0.294, 0.263, 0.328, 0.283, 0.211, 0.285, 0.326, 0.308, 0.276, 0.235, 0.288]
MINPSE: [0.374, 0.0, 0.311, 0.338, 0.323, 0.295, 0.0, 0.324, 0.371, 0.322, 0.318, 0.309, 0.359, 0.362, 0.226, 0.302, 0.339, 0.0, 0.266, 0.169, 0.316]
SIL: [0.66315836, 0.19972152, 0.74611634, 0.57016146, 0, 0.09909168, 0.72541726, 0, 0.70369744, 0, 0, 0, 0.69724876, 0, 0.5265216, 0.23653348, 0, 0, 0, 0, 0.6692063]
Test Cluster Situation: [4, 4, 4, 3, 4, 3, 3, 3, 4, 1, 4, 1, 4, 1, 3, 3, 1, 1, 2, 2, 3]
Sub Epochs: False
Eta: 0.0
[Avg]	Dataset	k	F1	AUC	AUPRC	MINPSE	ACC	SIL	HTFD	WDFD
	sepsis24	4	0.548	0.818	0.287	0.268	0.940	0.278	0.617	0.000
[Std]	F1	AUC	AUPRC	MINPSE	ACC	SIL	HTFD	WDFD
	0.041	0.020	0.030	0.119	0.003	0.311	0.803	nan
k = 5
DMNN Experiments
DMNN
Sepsis 24
k = 2
F1: [0.536, 0.566, 0.538, 0.527, 0.559, 0.503, 0.553, 0.632, 0.541, 0.629, 0.535, 0.576, 0.602, 0.568, 0.532, 0.549, 0.595, 0.56, 0.559, 0.615, 0.58]
AUC: [0.834, 0.822, 0.826, 0.816, 0.818, 0.845, 0.835, 0.819, 0.822, 0.834, 0.81, 0.833, 0.823, 0.822, 0.826, 0.851, 0.824, 0.838, 0.835, 0.84, 0.849]
AUPRC: [0.268, 0.288, 0.273, 0.324, 0.275, 0.326, 0.31, 0.261, 0.315, 0.319, 0.267, 0.303, 0.307, 0.298, 0.301, 0.336, 0.325, 0.325, 0.285, 0.293, 0.314]
MINPSE: [0.295, 0.344, 0.313, 0.392, 0.322, 0.426, 0.301, 0.308, 0.371, 0.396, 0.331, 0.318, 0.315, 0.286, 0.359, 0.322, 0.365, 0.346, 0.274, 0.338, 0.366]
SIL: [0.70445114, 0, 0, 0, 0, 0, 0, 0.73032624, 0, 0.71154237, 0.7581453, 0, 0.6949951, 0.7389778, 0.7415181, 0, 0.7005253, 0.75009644, 0, 0, 0]
Test Cluster Situation: [2, 1, 1, 1, 2, 1, 1, 2, 1, 2, 2, 1, 2, 2, 2, 1, 2, 2, 2, 1, 1]
Sub Epochs: False
Eta: 0.0
[Avg]	Dataset	k	F1	AUC	AUPRC	MINPSE	ACC	SIL	HTFD	WDFD
	sepsis24	2	0.565	0.830	0.301	0.338	0.940	0.311	1.447	0.000
[Std]	F1	AUC	AUPRC	MINPSE	ACC	SIL	HTFD	WDFD
	0.034	0.011	0.022	0.038	0.004	0.359	0.530	nan
k = 5
F1: [0.488, 0.485, 0.567, 0.562, 0.608, 0.535, 0.547, 0.511, 0.618, 0.579, 0.57, 0.488, 0.556, 0.573, 0.557, 0.544, 0.571, 0.561, 0.542, 0.55, 0.532]
AUC: [0.818, 0.812, 0.811, 0.802, 0.811, 0.843, 0.819, 0.817, 0.813, 0.847, 0.818, 0.82, 0.839, 0.841, 0.812, 0.781, 0.821, 0.839, 0.798, 0.829, 0.841]
AUPRC: [0.264, 0.236, 0.261, 0.319, 0.283, 0.296, 0.304, 0.25, 0.313, 0.345, 0.31, 0.31, 0.298, 0.324, 0.248, 0.26, 0.308, 0.304, 0.292, 0.274, 0.302]
MINPSE: [0.252, 0.0, 0.318, 0.382, 0.308, 0.286, 0.353, 0.237, 0.342, 0.365, 0.405, 0.252, 0.265, 0.325, 0.244, 0.343, 0.311, 0.321, 0.364, 0.287, 0.394]
SIL: [0, 0, 0, 0.67276716, 0, 0, 0.6859124, 0.39390442, 0, 0, 0, 0.75760585, 0, 0, 0, 0.5737762, 0, 0.6583573, 0.57829005, 0.5000421, 0]
Test Cluster Situation: [3, 3, 1, 4, 3, 3, 3, 4, 1, 2, 5, 4, 4, 1, 1, 4, 5, 2, 3, 5, 4]
Sub Epochs: False
Eta: 0.0
[Avg]	Dataset	k	F1	AUC	AUPRC	MINPSE	ACC	SIL	HTFD	WDFD
	sepsis24	5	0.550	0.821	0.291	0.303	0.940	0.230	0.481	0.000
[Std]	F1	AUC	AUPRC	MINPSE	ACC	SIL	HTFD	WDFD
	0.034	0.016	0.028	0.083	0.003	0.300	0.766	nan

========
== SA ==
Backprop
========


DMNN
Respiratory 24
k = 2
DMNN
Sepsis 24
k = 2
F1: [0.593, 0.48, 0.62, 0.578, 0.481]
AUC: [0.773, 0.81, 0.803, 0.79, 0.793]
AUPRC: [0.285, 0.32, 0.318, 0.319, 0.267]
MINPSE: [0.294, 0.0, 0.347, 0.362, 0.0]
SIL: [0.36060625, 0.3133134, 0.24656053, 0.2394958, 0.29592457]
Test Cluster Situation: [2, 2, 2, 2, 2]
Sub Epochs: False
Eta: 1.0
[Avg]	Dataset	k	F1	AUC	AUPRC	MINPSE	ACC	SIL	HTFD	WDFD
	ards24	2	0.550	0.794	0.302	0.201	0.923	0.291	1.277	0.000
[Std]	F1	AUC	AUPRC	MINPSE	ACC	SIL	HTFD	WDFD
	0.059	0.013	0.022	0.165	0.004	0.045	0.090	nan
k = 3
F1: [0.684, 0.678, 0.629, 0.684, 0.64]
AUC: [0.838, 0.85, 0.861, 0.842, 0.853]
AUPRC: [0.372, 0.37, 0.377, 0.407, 0.336]
MINPSE: [0.444, 0.432, 0.388, 0.437, 0.381]
SIL: [0.41612312, 0.46841648, 0.27031797, 0.21956448, 0.22253558]
Test Cluster Situation: [2, 2, 2, 2, 2]
Sub Epochs: False
Eta: 1.0
[Avg]	Dataset	k	F1	AUC	AUPRC	MINPSE	ACC	SIL	HTFD	WDFD
	sepsis24	2	0.663	0.849	0.372	0.416	0.942	0.319	1.598	0.000
[Std]	F1	AUC	AUPRC	MINPSE	ACC	SIL	HTFD	WDFD
	0.024	0.008	0.023	0.026	0.003	0.103	0.047	nan
k = 3
DMNN
Sepsis 24
k = 3
DMNN
Respiratory 24
k = 2
F1: [0.529, 0.548, 0.414, 0.479, 0.506]
AUC: [0.739, 0.771, 0.661, 0.611, 0.762]
AUPRC: [0.244, 0.287, 0.122, 0.123, 0.289]
MINPSE: [0.305, 0.274, 0.342, 0.0, 0.512]
SIL: [0.3014416, 0.28436092, 0.2016993, 0.2518462, 0.37381583]
Test Cluster Situation: [2, 2, 2, 2, 2]
Sub Epochs: False
Eta: 1.0
[Avg]	Dataset	k	F1	AUC	AUPRC	MINPSE	ACC	SIL	HTFD	WDFD
	ards24	2	0.495	0.709	0.213	0.287	0.844	0.283	1.322	0.000
[Std]	F1	AUC	AUPRC	MINPSE	ACC	SIL	HTFD	WDFD
	0.047	0.062	0.076	0.165	0.159	0.057	0.065	nan
k = 3
F1: [0.641, 0.53, 0.484, 0.486, 0.488]
AUC: [0.796, 0.722, 0.671, 0.834, 0.703]
AUPRC: [0.334, 0.205, 0.095, 0.368, 0.156]
MINPSE: [0.419, 0.334, 0.0, 0.168, 0.431]
SIL: [0.27467343, 0.25029406, 0.28422022, 0.2024834, 0.36062273]
Test Cluster Situation: [3, 3, 3, 3, 3]
Sub Epochs: False
Eta: 1.0
[Avg]	Dataset	k	F1	AUC	AUPRC	MINPSE	ACC	SIL	HTFD	WDFD
	sepsis24	3	0.526	0.745	0.232	0.270	0.881	0.274	1.552	0.000
[Std]	F1	AUC	AUPRC	MINPSE	ACC	SIL	HTFD	WDFD
	0.060	0.060	0.104	0.165	0.118	0.052	0.022	nan
k = 4
F1: [0.58, 0.48, 0.48, 0.487, 0.505]
AUC: [0.737, 0.581, 0.377, 0.705, 0.644]
AUPRC: [0.293, 0.084, 0.069, 0.27, 0.093]
MINPSE: [0.301, 0.0, 0.0, 0.504, 0.312]
SIL: [0.15450415, 0.24645011, 0.01653298, 0.20142958, 0.14559348]
Test Cluster Situation: [3, 3, 3, 3, 3]
Sub Epochs: False
Eta: 1.0
[Avg]	Dataset	k	F1	AUC	AUPRC	MINPSE	ACC	SIL	HTFD	WDFD
	ards24	3	0.506	0.609	0.162	0.223	0.923	0.153	1.325	0.000
[Std]	F1	AUC	AUPRC	MINPSE	ACC	SIL	HTFD	WDFD
	0.038	0.128	0.098	0.196	0.003	0.077	0.016	nan
k = 4
F1: [0.484, 0.517, 0.585, 0.581, 0.499]
AUC: [0.708, 0.817, 0.802, 0.523, 0.581]
AUPRC: [0.153, 0.323, 0.314, 0.065, 0.096]
MINPSE: [0.0, 0.267, 0.38, 0.418, 0.2]
SIL: [0.12578422, 0.19978747, 0.21788533, 0.23388004, 0.24430434]
Test Cluster Situation: [4, 4, 4, 4, 4]
Sub Epochs: False
Eta: 1.0
[Avg]	Dataset	k	F1	AUC	AUPRC	MINPSE	ACC	SIL	HTFD	WDFD
	sepsis24	4	0.533	0.686	0.190	0.253	0.904	0.204	1.510	0.000
[Std]	F1	AUC	AUPRC	MINPSE	ACC	SIL	HTFD	WDFD
	0.042	0.117	0.109	0.149	0.073	0.042	0.028	nan
k = 5
F1: [0.584, 0.48, 0.336, 0.479, 0.486]
AUC: [0.765, 0.742, 0.366, 0.636, 0.607]
AUPRC: [0.282, 0.264, 0.055, 0.104, 0.105]
MINPSE: [0.281, 0.0, 0.233, 0.0, 0.208]
SIL: [0.16174625, 0.1348149, 0.073932156, 0.12802, 0.015123067]
Test Cluster Situation: [4, 4, 4, 4, 4]
Sub Epochs: False
Eta: 1.0
[Avg]	Dataset	k	F1	AUC	AUPRC	MINPSE	ACC	SIL	HTFD	WDFD
	ards24	4	0.473	0.623	0.162	0.144	0.779	0.103	1.210	0.000
[Std]	F1	AUC	AUPRC	MINPSE	ACC	SIL	HTFD	WDFD
	0.079	0.142	0.093	0.120	0.195	0.052	0.031	nan
k = 5
F1: [0.536, 0.503, 0.48, 0.58, 0.443]
AUC: [0.539, 0.673, 0.578, 0.603, 0.553]
AUPRC: [0.129, 0.116, 0.08, 0.174, 0.129]
MINPSE: [0.174, 0.44, 0.0, 0.247, 0.259]
SIL: [-0.083165914, 0.11870286, 0.06416577, -0.043460254, 0.027654033]
Test Cluster Situation: [5, 5, 5, 5, 5]
Sub Epochs: False
Eta: 1.0
[Avg]	Dataset	k	F1	AUC	AUPRC	MINPSE	ACC	SIL	HTFD	WDFD
	ards24	5	0.508	0.589	0.126	0.224	0.828	0.017	1.161	0.000
[Std]	F1	AUC	AUPRC	MINPSE	ACC	SIL	HTFD	WDFD
	0.047	0.047	0.030	0.142	0.116	0.073	0.036	nan
F1: [0.476, 0.485, 0.357, 0.593, 0.533]
AUC: [0.577, 0.71, 0.42, 0.811, 0.828]
AUPRC: [0.089, 0.127, 0.057, 0.339, 0.329]
MINPSE: [0.004, 0.0, 0.249, 0.356, 0.285]
SIL: [0.19763479, 0.1153348, 0.12816672, 0.13969159, 0.18647295]
Test Cluster Situation: [5, 5, 5, 5, 5]
Sub Epochs: False
Eta: 1.0
[Avg]	Dataset	k	F1	AUC	AUPRC	MINPSE	ACC	SIL	HTFD	WDFD
	sepsis24	5	0.489	0.669	0.188	0.179	0.836	0.153	1.438	0.000
[Std]	F1	AUC	AUPRC	MINPSE	ACC	SIL	HTFD	WDFD
	0.078	0.153	0.121	0.148	0.187	0.033	0.058	nan
DMNN
Respiratory 24
k = 2
DMNN
Sepsis 24
k = 2
F1: [0.627, 0.557, 0.555, 0.578, 0.596]
AUC: [0.78, 0.802, 0.808, 0.786, 0.809]
AUPRC: [0.291, 0.332, 0.327, 0.316, 0.294]
MINPSE: [0.336, 0.291, 0.299, 0.368, 0.316]
SIL: [0, 0, 0, 0, 0]
Test Cluster Situation: [1, 1, 1, 2, 2]
Sub Epochs: False
Eta: 0.0
[Avg]	Dataset	k	F1	AUC	AUPRC	MINPSE	ACC	SIL	HTFD	WDFD
	ards24	2	0.583	0.797	0.312	0.322	0.923	0.000	1.081	0.000
[Std]	F1	AUC	AUPRC	MINPSE	ACC	SIL	HTFD	WDFD
	0.027	0.012	0.017	0.028	0.004	0.000	0.883	nan
k = 3
F1: [0.555, 0.661, 0.644, 0.483, 0.653]
AUC: [0.856, 0.823, 0.846, 0.269, 0.856]
AUPRC: [0.373, 0.378, 0.352, 0.048, 0.373]
MINPSE: [0.383, 0.421, 0.399, 0.0, 0.403]
SIL: [0, 0, 0, 0, 0]
Test Cluster Situation: [2, 1, 1, 1, 2]
Sub Epochs: False
Eta: 0.0
[Avg]	Dataset	k	F1	AUC	AUPRC	MINPSE	ACC	SIL	HTFD	WDFD
	sepsis24	2	0.599	0.730	0.305	0.321	0.941	0.000	1.081	0.000
[Std]	F1	AUC	AUPRC	MINPSE	ACC	SIL	HTFD	WDFD
	0.070	0.231	0.129	0.161	0.004	0.000	0.883	nan
k = 3
F1: [0.536, 0.48, 0.48, 0.567, 0.58]
AUC: [0.788, 0.801, 0.811, 0.772, 0.803]
AUPRC: [0.327, 0.334, 0.325, 0.291, 0.308]
MINPSE: [0.335, 0.0, 0.0, 0.312, 0.312]
SIL: [0, 0, 0, 0, 0]
Test Cluster Situation: [1, 1, 1, 1, 1]
Sub Epochs: False
Eta: 0.0
[Avg]	Dataset	k	F1	AUC	AUPRC	MINPSE	ACC	SIL	HTFD	WDFD
	ards24	3	0.529	0.795	0.317	0.192	0.924	0.000	1.802	0.000
[Std]	F1	AUC	AUPRC	MINPSE	ACC	SIL	HTFD	WDFD
	0.042	0.014	0.016	0.157	0.003	0.000	0.000	nan
k = 4
F1: [0.647, 0.611, 0.645, 0.606, 0.484]
AUC: [0.841, 0.844, 0.847, 0.84, 0.851]
AUPRC: [0.36, 0.375, 0.378, 0.392, 0.366]
MINPSE: [0.409, 0.363, 0.407, 0.452, 0.0]
SIL: [0, 0, 0, 0, 0]
Test Cluster Situation: [1, 2, 1, 2, 1]
Sub Epochs: False
Eta: 0.0
[Avg]	Dataset	k	F1	AUC	AUPRC	MINPSE	ACC	SIL	HTFD	WDFD
	sepsis24	3	0.599	0.845	0.374	0.326	0.942	0.000	1.081	0.000
[Std]	F1	AUC	AUPRC	MINPSE	ACC	SIL	HTFD	WDFD
	0.060	0.004	0.011	0.166	0.002	0.000	0.883	nan
k = 4
F1: [0.588, 0.555, 0.555, 0.514, 0.601]
AUC: [0.785, 0.802, 0.814, 0.784, 0.806]
AUPRC: [0.306, 0.321, 0.325, 0.302, 0.297]
MINPSE: [0.32, 0.294, 0.312, 0.282, 0.332]
SIL: [0, 0, 0, 0, 0]
Test Cluster Situation: [1, 4, 4, 2, 3]
Sub Epochs: False
Eta: 0.0
[Avg]	Dataset	k	F1	AUC	AUPRC	MINPSE	ACC	SIL	HTFD	WDFD
	ards24	4	0.563	0.798	0.310	0.308	0.923	0.000	0.360	0.000
[Std]	F1	AUC	AUPRC	MINPSE	ACC	SIL	HTFD	WDFD
	0.030	0.012	0.011	0.018	0.003	0.000	0.721	nan
k = 5
F1: [0.484, 0.695, 0.628, 0.676, 0.653]
AUC: [0.855, 0.83, 0.844, 0.836, 0.859]
AUPRC: [0.393, 0.378, 0.376, 0.404, 0.366]
MINPSE: [0.0, 0.437, 0.412, 0.447, 0.392]
SIL: [0, 0, 0, 0, 0]
Test Cluster Situation: [2, 4, 2, 2, 3]
Sub Epochs: False
Eta: 0.0
[Avg]	Dataset	k	F1	AUC	AUPRC	MINPSE	ACC	SIL	HTFD	WDFD
	sepsis24	4	0.627	0.845	0.383	0.338	0.942	0.000	0.000	0.000
[Std]	F1	AUC	AUPRC	MINPSE	ACC	SIL	HTFD	WDFD
	0.075	0.011	0.013	0.170	0.002	0.000	0.000	nan
k = 5
F1: [0.483, 0.539, 0.48, 0.527, 0.481]
AUC: [0.786, 0.8, 0.382, 0.779, 0.801]
AUPRC: [0.307, 0.325, 0.061, 0.308, 0.3]
MINPSE: [0.252, 0.244, 0.0, 0.306, 0.0]
SIL: [0.38256133, 0, 0, 0, 0]
Test Cluster Situation: [1, 1, 1, 1, 1]
Sub Epochs: False
Eta: 0.0
[Avg]	Dataset	k	F1	AUC	AUPRC	MINPSE	ACC	SIL	HTFD	WDFD
	ards24	5	0.502	0.710	0.260	0.160	0.923	0.077	1.442	0.000
[Std]	F1	AUC	AUPRC	MINPSE	ACC	SIL	HTFD	WDFD
	0.026	0.164	0.100	0.133	0.003	0.153	0.721	nan
F1: [0.484, 0.485, 0.671, 0.618, 0.484]
AUC: [0.855, 0.86, 0.844, 0.836, 0.854]
AUPRC: [0.398, 0.386, 0.388, 0.395, 0.37]
MINPSE: [0.0, 0.0, 0.419, 0.43, 0.0]
SIL: [0, 0, 0, 0.45317823, 0]
Test Cluster Situation: [3, 2, 2, 1, 1]
Sub Epochs: False
Eta: 0.0
[Avg]	Dataset	k	F1	AUC	AUPRC	MINPSE	ACC	SIL	HTFD	WDFD
	sepsis24	5	0.548	0.850	0.387	0.170	0.940	0.091	0.360	0.000
[Std]	F1	AUC	AUPRC	MINPSE	ACC	SIL	HTFD	WDFD
	0.080	0.009	0.010	0.208	0.001	0.181	0.721	nan


============
w/o backprop
============

DMNN
Respiratory 24 w/o backprop
k = 2
DMNN
Sepsis 24 DMNN w/o backprop
k = 2
k = 3
Plain DMNN
F1: [0.565, 0.48, 0.48, 0.55, 0.575]
AUC: [0.779, 0.807, 0.49, 0.788, 0.802]
AUPRC: [0.287, 0.33, 0.081, 0.327, 0.308]
MINPSE: [0.316, 0.0, 0.0, 0.358, 0.349]
SIL: [0, 0, 0, 0, 0]
Test Cluster Situation: [1, 1, 1, 2, 1]
Sub Epochs: False
Eta: 0.0
[Avg]	Dataset	k	F1	AUC	AUPRC	MINPSE	ACC	SIL	HTFD	WDFD
	ards24	2	0.530	0.733	0.267	0.205	0.924	0.000	1.442	0.000
[Std]	F1	AUC	AUPRC	MINPSE	ACC	SIL	HTFD	WDFD
	0.042	0.122	0.094	0.168	0.003	0.000	0.721	nan
k = 3
Plain DMNN
F1: [0.579, 0.487, 0.496, 0.483, 0.481]
AUC: [0.784, 0.805, 0.807, 0.779, 0.803]
AUPRC: [0.299, 0.324, 0.318, 0.316, 0.298]
MINPSE: [0.32, 0.254, 0.258, 0.252, 0.0]
SIL: [0, 0, 0, 0.37887555, 0]
Test Cluster Situation: [1, 1, 3, 3, 1]
Sub Epochs: False
Eta: 0.0
[Avg]	Dataset	k	F1	AUC	AUPRC	MINPSE	ACC	SIL	HTFD	WDFD
	ards24	3	0.505	0.796	0.311	0.217	0.923	0.076	1.081	0.000
[Std]	F1	AUC	AUPRC	MINPSE	ACC	SIL	HTFD	WDFD
	0.037	0.012	0.011	0.111	0.003	0.152	0.883	nan
k = 4
DMNN
Sepsis 24 DMNN w/o backprop
k = 2
Plain DMNN
F1: [0.54, 0.541, 0.608, 0.533, 0.481]
AUC: [0.788, 0.801, 0.806, 0.784, 0.799]
AUPRC: [0.31, 0.327, 0.332, 0.312, 0.288]
MINPSE: [0.279, 0.299, 0.338, 0.297, 0.0]
SIL: [0, 0, 0, 0, 0]
Test Cluster Situation: [1, 2, 1, 4, 2]
Sub Epochs: False
Eta: 0.0
[Avg]	Dataset	k	F1	AUC	AUPRC	MINPSE	ACC	SIL	HTFD	WDFD
	ards24	4	0.541	0.796	0.314	0.243	0.923	0.000	0.721	0.000
[Std]	F1	AUC	AUPRC	MINPSE	ACC	SIL	HTFD	WDFD
	0.040	0.008	0.015	0.123	0.003	0.000	0.883	nan
k = 5
Plain DMNN
F1: [0.484, 0.485, 0.559, 0.547, 0.605]
AUC: [0.238, 0.722, 0.842, 0.837, 0.851]
AUPRC: [0.037, 0.11, 0.361, 0.4, 0.357]
MINPSE: [0.0, 0.0, 0.395, 0.424, 0.404]
SIL: [0, 0, 0, 0, 0]
Test Cluster Situation: [2, 1, 1, 1, 1]
Sub Epochs: False
Eta: 0.0
[Avg]	Dataset	k	F1	AUC	AUPRC	MINPSE	ACC	SIL	HTFD	WDFD
	sepsis24	2	0.536	0.698	0.253	0.245	0.940	0.000	1.442	0.000
[Std]	F1	AUC	AUPRC	MINPSE	ACC	SIL	HTFD	WDFD
	0.046	0.235	0.149	0.200	0.002	0.000	0.721	nan
k = 3
Plain DMNN
F1: [0.529, 0.48, 0.602, 0.508, 0.481]
AUC: [0.785, 0.802, 0.811, 0.769, 0.804]
AUPRC: [0.307, 0.32, 0.344, 0.24, 0.296]
MINPSE: [0.278, 0.0, 0.339, 0.282, 0.0]
SIL: [0, 0.4264817, 0, 0, 0]
Test Cluster Situation: [2, 1, 4, 1, 5]
Sub Epochs: False
Eta: 0.0
[Avg]	Dataset	k	F1	AUC	AUPRC	MINPSE	ACC	SIL	HTFD	WDFD
	ards24	5	0.520	0.794	0.301	0.180	0.923	0.085	0.360	0.000
[Std]	F1	AUC	AUPRC	MINPSE	ACC	SIL	HTFD	WDFD
	0.045	0.015	0.035	0.148	0.003	0.171	0.721	nan
Plain DMNN
F1: [0.675, 0.694, 0.624, 0.599, 0.651]
AUC: [0.847, 0.84, 0.813, 0.84, 0.851]
AUPRC: [0.362, 0.403, 0.344, 0.403, 0.368]
MINPSE: [0.408, 0.447, 0.404, 0.44, 0.378]
SIL: [0, 0, 0, 0, 0]
Test Cluster Situation: [2, 2, 2, 3, 2]
Sub Epochs: False
Eta: 0.0
[Avg]	Dataset	k	F1	AUC	AUPRC	MINPSE	ACC	SIL	HTFD	WDFD
	sepsis24	3	0.649	0.838	0.376	0.415	0.941	0.000	0.000	0.000
[Std]	F1	AUC	AUPRC	MINPSE	ACC	SIL	HTFD	WDFD
	0.034	0.013	0.023	0.025	0.002	0.000	0.000	nan
k = 4
Plain DMNN
F1: [0.484, 0.685, 0.498, 0.566, 0.655]
AUC: [0.859, 0.845, 0.846, 0.84, 0.855]
AUPRC: [0.396, 0.41, 0.357, 0.406, 0.377]
MINPSE: [0.0, 0.456, 0.34, 0.425, 0.423]
SIL: [0, 0, 0, 0, 0]
Test Cluster Situation: [2, 3, 1, 4, 1]
Sub Epochs: False
Eta: 0.0
[Avg]	Dataset	k	F1	AUC	AUPRC	MINPSE	ACC	SIL	HTFD	WDFD
	sepsis24	4	0.578	0.849	0.389	0.329	0.941	0.000	0.721	0.000
[Std]	F1	AUC	AUPRC	MINPSE	ACC	SIL	HTFD	WDFD
	0.081	0.007	0.020	0.169	0.004	0.000	0.883	nan
k = 5
Plain DMNN
F1: [0.675, 0.705, 0.682, 0.483, 0.592]
AUC: [0.791, 0.859, 0.846, 0.84, 0.853]
AUPRC: [0.28, 0.421, 0.381, 0.366, 0.351]
MINPSE: [0.404, 0.464, 0.441, 0.0, 0.391]
SIL: [0, 0, 0, 0, 0]
Test Cluster Situation: [2, 1, 5, 2, 5]
Sub Epochs: False
Eta: 0.0
[Avg]	Dataset	k	F1	AUC	AUPRC	MINPSE	ACC	SIL	HTFD	WDFD
	sepsis24	5	0.627	0.838	0.360	0.340	0.941	0.000	0.360	0.000
[Std]	F1	AUC	AUPRC	MINPSE	ACC	SIL	HTFD	WDFD
	0.082	0.024	0.046	0.172	0.004	0.000	0.721	nan
