
eta 0.0

0.655	0.828	0.868	0.141	1.077	0.965	0.041

eta 0.001

0.624	0.772	0.855	0.147	1.187	0.708	0.057

eta 0.001

0.603	0.790	0.785	0.129	1.095	0.782	0.049

eta 0.005

0.621	0.820	0.864	0.107	1.020	0.829	0.060

eta 0.01

0.573	0.741	0.740	0.128	1.053	0.639	0.040

eta 0.02

0.647	0.820	0.866	0.147	0.947	0.765	0.053

eta 0.05

0.630	0.784	0.866	0.145	1.081	0.702	0.053

eta 0.1

0.613	0.795	0.831	0.104	1.016	0.728	0.058

eta 0.2
eta 0.5
eta 1.0

0.618	0.765	0.817	0.172	1.039	1.028	0.048

eta 1.5

0.628	0.804	0.863	0.176	1.065	1.006	0.042

eta 2.0
eta 5.0

0.600	0.698	0.822	0.144	0.916	0.600	0.024

eta 10.0
eta 100.0

sepsis
eta 0.0

0.802	0.881	0.952	0.331	1.298	3.356	0.287

eta 0.001
attention True
sepsis
eta 0.001
attention True
sepsis
eta 0.005

0.794	0.853	0.951	0.269	1.259	2.266	0.363

eta 0.01

0.785	0.857	0.946	nan	nan	nan	0.371

eta 0.02
attention True
sepsis
eta 0.05

0.784	0.858	0.950	nan	nan	nan	0.250

eta 0.1

0.782	0.839	0.946	0.166	1.401	1.197	0.375

eta 0.2

0.784	0.835	0.949	0.264	1.306	2.570	0.351

eta 0.5

0.781	0.848	0.948	nan	nan	nan	0.347

eta 1.0

0.748	0.826	0.945	0.268	1.476	1.956	0.240

eta 1.5

0.724	0.802	0.941	nan	nan	nan	0.287

eta 2.0

0.761	0.833	0.947	0.569	0.816	5.052	0.247

eta 5.0
attention True
sepsis
eta 10.0
attention True
sepsis
eta 100.0
attention True
sepsis
