delta
n_clusters 3
alpha 1.0
beta 0.5
gamma 0.0
delta 0.0
cic
n_clusters 3
alpha 1.0
beta 0.5
gamma 0.0
delta 0.01
cic


Experiment  Run
range(0, 5)
Test F1:  [0.576042643130526, 0.6390905799059128, 0.5437384913751331, 0.6155408426334845, 0.5982876181107321]
Test AUC:  [0.8040258317466316, 0.8194198667170536, 0.8024733470443743, 0.8070317836950045, 0.8011525086844669]
Sil scores:  [0.43714952, 0.21901473, 0.44009393, 0.46975484, 0.48120037]
NHFD:  [1.164834757834759, 1.0658347578347587, 1.130313390313391, 1.1291082621082633, 1.157011396011397]
WDFD:  [0.575603087511381, 0.901164687747623, 0.6183484648428469, 0.5453215634335112, 0.6283564650322034]
Train Loss:  [[7.669, 3.702], [6.434, 3.339], [6.325, 3.18], [6.142, 2.998], [6.273, 2.989], [6.138, 2.968], [6.283, 2.922], [6.197, 2.998], [6.251, 2.913], [6.318, 2.978], [6.366, 2.883], [6.263, 2.895], [6.268, 2.917], [6.194, 2.965], [6.204, 2.95], [6.188, 3.003], [6.218, 3.011], [6.501, 2.994], [6.283, 2.841], [6.207, 2.972], [6.239, 2.908], [6.156, 2.919], [6.086, 2.957], [6.084, 2.925], [6.154, 2.865], [6.116, 2.825], [6.138, 2.861], [6.087, 2.919], [6.097, 2.824], [6.204, 2.916], [6.078, 2.917], [5.987, 2.912]]
E-Train Loss:  []
Test Loss:  [0.333069771528244, 0.32733964920043945, 0.32961252331733704, 0.3272434175014496, 0.32414931058883667]
E-Test Loss:  [0.3300027549266815, 0.31882575154304504, 0.328797310590744, 0.3229137063026428, 0.3218217194080353]
Local Test Loss:  [0.24288778007030487, 0.19969969987869263, 0.2440304011106491, 0.2462475597858429, 0.24685929715633392]
Model Complexity:  []
Dataset	k
cic	3

E-F1	E-AUC	E-ACC
0.583	0.815	0.865

F1	AUC	ACC
0.595	0.807	0.864

SIL	NHFD	WDFD	W-NHFD
0.409	1.129	0.654	0.018

Train Loss	E-Train Loss	Test Loss	E-Test Loss
4.614	nan	0.328	0.324

n_clusters 3
alpha 1.0
beta 0.5
gamma 0.0
delta 0.1
cic


Experiment  Run
range(0, 5)
Test F1:  [0.6068017371854908, 0.6121500272732453, 0.6061238229279806, 0.5710371819960861, 0.6197455752212389]
Test AUC:  [0.7814262329035915, 0.7462191683260417, 0.793958300024709, 0.812688950741995, 0.8244166145840903]
Sil scores:  [0.45998132, 0.4893648, 0.4456239, 0.44911814, 0.48673508]
NHFD:  [1.1030341880341892, 1.0565726495726506, 1.1405726495726505, 1.0891452991453006, 1.0621509971509988]
WDFD:  [0.5329891440037406, 0.4715149327822914, 0.5715798644732307, 0.4808338105001912, 0.4719273961337067]
Train Loss:  [[7.745, 4.785], [6.847, 4.046], [6.762, 3.322], [6.592, 3.221], [6.725, 3.266], [6.621, 3.135], [6.69, 2.987], [6.693, 2.945], [6.735, 2.942], [6.763, 3.014], [6.724, 2.845], [6.637, 2.909], [6.721, 2.865], [6.599, 2.898], [6.651, 2.933], [6.813, 2.838], [6.601, 2.91], [6.529, 2.894], [6.531, 2.832], [6.479, 2.783], [6.409, 2.829], [6.366, 2.924], [6.333, 2.812], [6.315, 2.922], [6.349, 2.84], [6.337, 2.87], [6.322, 2.858], [6.329, 2.816], [6.321, 2.856], [6.204, 2.875], [6.207, 2.908], [6.22, 3.005], [6.308, 2.882], [6.227, 2.847], [6.113, 2.872], [6.133, 2.869], [6.197, 2.84], [6.164, 2.952], [6.201, 2.79], [6.173, 2.855], [6.148, 2.807], [6.116, 2.815], [6.074, 2.853], [6.065, 2.799], [6.018, 2.877], [5.935, 2.834], [5.974, 2.743], [5.969, 2.857], [6.008, 2.755], [6.074, 2.845]]
E-Train Loss:  []
Test Loss:  [0.32216954231262207, 0.3213612139225006, 0.32352742552757263, 0.32598021626472473, 0.32307231426239014]
E-Test Loss:  [0.3186893165111542, 0.31928467750549316, 0.321067750453949, 0.32171186804771423, 0.3206455707550049]
Local Test Loss:  [0.24226878583431244, 0.24116048216819763, 0.2421683818101883, 0.24074380099773407, 0.24358032643795013]
Model Complexity:  []
Dataset	k
cic	3

E-F1	E-AUC	E-ACC
0.591	0.809	0.866

F1	AUC	ACC
0.603	0.792	0.866

SIL	NHFD	WDFD	W-NHFD
0.466	1.090	0.506	0.019

Train Loss	E-Train Loss	Test Loss	E-Test Loss
4.680	nan	0.323	0.320

n_clusters 3
alpha 1.0
beta 0.5
gamma 0.0
delta 0.5
cic


Experiment  Run
range(0, 5)
Test F1:  [0.6255441901983354, 0.5803370642405793, 0.6151779435058247, 0.5829102050396789, 0.630450849963045]
Test AUC:  [0.808324915335533, 0.7970455552971614, 0.8038664045580732, 0.6504156916323891, 0.7612253092251566]
Sil scores:  [0.4182992, 0.27310982, 0.41910887, 0.328571, 0.30685028]
NHFD:  [1.0449629629629635, 1.1173219373219376, 1.067150997150998, 1.1303988603988617, 1.1285498575498583]
WDFD:  [0.4658074283573613, 0.9189213475409358, 0.4691868044275725, 0.6352574509755727, 0.6799358844228949]
Train Loss:  [[9.437, 4.351], [8.51, 3.414], [7.839, 3.266], [7.616, 3.151], [7.206, 2.974], [7.005, 2.805], [6.892, 2.77], [6.885, 2.827], [6.706, 2.809], [6.753, 2.787], [6.679, 2.8], [6.687, 2.704], [6.69, 2.793], [6.77, 2.797], [6.669, 2.7], [6.621, 2.717], [6.632, 2.709], [6.551, 2.764], [6.537, 2.818], [6.443, 2.794], [6.438, 2.743], [6.594, 2.806], [6.471, 2.781], [6.528, 2.821], [6.459, 2.707], [6.524, 2.767], [6.323, 2.806], [6.355, 2.836], [6.301, 2.743], [6.401, 2.771], [6.379, 2.738], [6.375, 2.717], [6.347, 2.758], [6.398, 2.831], [6.298, 2.791], [6.253, 2.743], [6.23, 2.785], [6.25, 2.734], [6.27, 2.798], [6.159, 2.715], [6.117, 2.733], [6.218, 2.726], [6.092, 2.67], [6.116, 2.818], [6.135, 2.701], [6.112, 2.76], [6.222, 2.694], [6.126, 2.706], [6.032, 2.622], [6.041, 2.739]]
E-Train Loss:  []
Test Loss:  [0.3284965455532074, 0.3449385464191437, 0.3215959370136261, 0.32408595085144043, 0.32665184140205383]
E-Test Loss:  [0.32260221242904663, 0.3340315520763397, 0.3179199993610382, 0.3229474425315857, 0.32075950503349304]
Local Test Loss:  [0.24437680840492249, 0.2296583652496338, 0.242719367146492, 0.22475583851337433, 0.22486157715320587]
Model Complexity:  []
Dataset	k
cic	3

E-F1	E-AUC	E-ACC
0.592	0.799	0.867

F1	AUC	ACC
0.607	0.764	0.867

SIL	NHFD	WDFD	W-NHFD
0.349	1.098	0.634	0.020

Train Loss	E-Train Loss	Test Loss	E-Test Loss
4.710	nan	0.329	0.324

n_clusters 3
alpha 1.0
beta 0.5
gamma 0.0
delta 1.0
cic


Experiment  Run
range(0, 5)
Test F1:  [0.6281722141877526, 0.6200072793414939, 0.595734031494244, 0.5797017416300823, 0.6203703703703705]
Test AUC:  [0.8167772815802097, 0.7657128893475386, 0.8215855329137658, 0.8090793556779698, 0.8142791347509484]
Sil scores:  [0.45829383, 0.40220985, 0.4026376, 0.32462877, 0.36816508]
NHFD:  [1.1512307692307702, 1.0635413105413114, 1.078903133903135, 1.0730313390313402, 1.1040028490028504]
WDFD:  [0.5911369510398016, 0.5021949672018372, 0.49766488177472246, 0.4971660044736903, 0.5177266424666166]
Train Loss:  [[11.695, 4.379], [10.036, 3.172], [7.109, 3.071], [6.917, 2.965], [7.092, 2.908], [6.868, 2.733], [7.085, 2.674], [7.01, 2.646], [6.99, 2.69], [6.993, 2.654], [6.906, 2.651], [6.88, 2.707], [6.871, 2.68], [7.233, 2.773], [6.926, 2.675], [6.819, 2.709], [6.659, 2.703], [6.774, 2.688], [6.773, 2.666], [6.694, 2.779], [6.626, 2.656], [6.734, 2.825], [6.712, 2.779], [6.58, 2.675], [6.612, 2.784], [6.693, 2.654], [6.706, 2.693], [6.533, 2.74], [6.705, 2.706], [6.683, 2.628], [6.765, 2.615], [6.657, 2.685], [6.618, 2.711], [6.521, 2.695]]
E-Train Loss:  []
Test Loss:  [0.3269255459308624, 0.32323965430259705, 0.3203345835208893, 0.32549524307250977, 0.32792481780052185]
E-Test Loss:  [0.32499751448631287, 0.31794047355651855, 0.31750908493995667, 0.3234897553920746, 0.32172515988349915]
Local Test Loss:  [0.2474345862865448, 0.23985473811626434, 0.23795361816883087, 0.23164957761764526, 0.23738890886306763]
Model Complexity:  []
Dataset	k
cic	3

E-F1	E-AUC	E-ACC
0.596	0.818	0.866

F1	AUC	ACC
0.609	0.805	0.865

SIL	NHFD	WDFD	W-NHFD
0.391	1.094	0.521	0.019

Train Loss	E-Train Loss	Test Loss	E-Test Loss
4.915	nan	0.325	0.321

n_clusters 3
alpha 1.0
beta 0.5
gamma 0.0
delta 1.5
cic


Experiment  Run
range(0, 5)
Test F1:  [0.6150079743865778, 0.6237106623512343, 0.7128795326701001, 0.6328887616236596, 0.6408322505123336]
Test AUC:  [0.8173377748869929, 0.8156158704088603, 0.816783186290897, 0.804306986817052, 0.7959754400372088]
Sil scores:  [0.3886258, 0.2783144, 0.36462998, 0.3764509, 0.38852647]
NHFD:  [1.0805925925925937, 1.0779857549857554, 1.0914928774928783, 1.0694928774928787, 1.051079772079773]
WDFD:  [0.5081426443238088, 1.0021514011330082, 0.5407870307091497, 0.5011345454520597, 0.49452387620685334]
Train Loss:  [[14.875, 4.697], [11.695, 3.516], [7.56, 3.206], [7.215, 3.069], [7.303, 2.911], [7.266, 2.82], [7.373, 2.812], [7.155, 2.873], [7.296, 2.849], [7.297, 2.872], [6.835, 2.711], [7.478, 2.786], [7.078, 2.817], [6.923, 2.811], [7.134, 2.731], [7.153, 2.81], [7.109, 2.764], [7.101, 2.749], [7.007, 2.765], [6.875, 2.763], [7.036, 2.707], [6.944, 2.726], [7.037, 2.805], [6.861, 2.789], [6.809, 2.749], [7.049, 2.683], [7.189, 2.695], [6.948, 2.754], [7.124, 2.764], [6.698, 2.749], [6.649, 2.649], [7.208, 2.688], [7.06, 2.669], [6.825, 2.599], [6.949, 2.669], [6.792, 2.756], [6.843, 2.665], [6.663, 2.67], [6.83, 2.584], [6.854, 2.624]]
E-Train Loss:  []
Test Loss:  [0.32600584626197815, 0.32422441244125366, 0.3329668641090393, 0.32511553168296814, 0.3301610052585602]
E-Test Loss:  [0.32176271080970764, 0.31949639320373535, 0.32939228415489197, 0.3204706311225891, 0.32233181595802307]
Local Test Loss:  [0.24121561646461487, 0.2078767865896225, 0.15958115458488464, 0.23648054897785187, 0.24271905422210693]
Model Complexity:  []
Dataset	k
cic	3

E-F1	E-AUC	E-ACC
0.631	0.826	0.867

F1	AUC	ACC
0.645	0.810	0.866

SIL	NHFD	WDFD	W-NHFD
0.359	1.074	0.609	0.024

Train Loss	E-Train Loss	Test Loss	E-Test Loss
5.093	nan	0.328	0.323

n_clusters 3
alpha 1.0
beta 0.5
gamma 0.0
delta 2.0
cic


Experiment  Run
range(0, 5)
Test F1:  [0.6111158205274774, 0.5936613844870726, 0.6177368797458289, 0.6150928448375729, 0.5801889253492983]
Test AUC:  [0.7456028073719859, 0.7992375655877095, 0.7623767278091887, 0.8176407319661052, 0.8137011544163603]
Sil scores:  [0.38069806, 0.3952557, 0.40304396, 0.42143047, 0.35000485]
NHFD:  [1.054350427350428, 1.0559373219373234, 1.0773447293447302, 1.0707150997151007, 1.0369259259259267]
WDFD:  [0.5179516239851377, 0.5005677655494326, 0.5030458003017265, 0.5062841017658227, 0.4928595714081398]
Train Loss:  [[14.651, 4.09], [10.894, 3.384], [7.648, 3.02], [7.235, 2.691], [7.463, 2.646], [7.381, 2.64], [7.374, 2.601], [7.367, 2.606], [7.541, 2.643], [7.716, 2.602], [7.363, 2.574], [7.476, 2.572], [7.126, 2.729], [7.226, 2.62], [7.227, 2.639], [7.493, 2.65], [7.359, 2.551], [7.338, 2.664], [7.456, 2.723], [7.593, 2.722], [7.23, 2.642], [7.337, 2.655], [7.158, 2.679], [7.416, 2.659], [7.087, 2.73], [7.277, 2.632], [7.102, 2.714], [7.534, 2.665], [7.542, 2.692], [7.686, 2.677], [7.173, 2.715], [6.999, 2.645], [7.089, 2.673], [7.363, 2.69]]
E-Train Loss:  []
Test Loss:  [0.32372117042541504, 0.33247339725494385, 0.3285825252532959, 0.3271505832672119, 0.32352715730667114]
E-Test Loss:  [0.3204210102558136, 0.327659547328949, 0.3213757872581482, 0.32130274176597595, 0.3191104233264923]
Local Test Loss:  [0.23711243271827698, 0.2443758100271225, 0.2439545840024948, 0.24807894229888916, 0.23109742999076843]
Model Complexity:  []
Dataset	k
cic	3

E-F1	E-AUC	E-ACC
0.595	0.811	0.867

F1	AUC	ACC
0.604	0.788	0.866

SIL	NHFD	WDFD	W-NHFD
0.390	1.059	0.504	0.019

Train Loss	E-Train Loss	Test Loss	E-Test Loss
5.202	nan	0.327	0.322

n_clusters 3
alpha 1.0
beta 0.5
gamma 0.0
delta 5.0
cic


Experiment  Run
range(0, 5)
Test F1:  [0.600087879422952, 0.583653044203503, 0.6075145761421723, 0.5882137628111275, 0.5717385097659562]
Test AUC:  [0.6983194739175302, 0.7951792125114461, 0.8052571910292002, 0.7907316027383324, 0.8190633130332408]
Sil scores:  [0.37505177, 0.3509333, 0.31943408, 0.34442484, 0.35710746]
NHFD:  [1.0447863247863258, 1.1104415954415965, 1.052646723646725, 1.0790854700854708, 1.103615384615386]
WDFD:  [0.52035189193205, 0.5172395188086324, 0.5097421210124027, 0.5056050179085713, 0.525730436674457]
Train Loss:  [[23.202, 3.884], [13.858, 3.196], [9.973, 2.867], [8.952, 2.618], [9.202, 2.508], [8.821, 2.487], [9.786, 2.46], [11.25, 2.483], [9.519, 2.579], [8.896, 2.552], [8.716, 2.514], [9.252, 2.672], [9.69, 2.589], [9.371, 2.565], [8.687, 2.608], [9.605, 2.614], [8.981, 2.493], [8.957, 2.592], [9.396, 2.641], [8.918, 2.539], [9.257, 2.554], [9.047, 2.651], [8.92, 2.616], [9.2, 2.677], [8.787, 2.539], [8.799, 2.572], [8.737, 2.606], [8.69, 2.673], [8.683, 2.586], [9.436, 2.529], [8.705, 2.528], [9.505, 2.612], [8.338, 2.522], [9.161, 2.636], [9.31, 2.491], [8.815, 2.58], [8.262, 2.55], [8.695, 2.499]]
E-Train Loss:  []
Test Loss:  [0.3251838684082031, 0.33006832003593445, 0.3219640552997589, 0.32357728481292725, 0.320180743932724]
E-Test Loss:  [0.32081612944602966, 0.32455945014953613, 0.3174389898777008, 0.3207542598247528, 0.3179621696472168]
Local Test Loss:  [0.23213200271129608, 0.23511767387390137, 0.22541303932666779, 0.23090745508670807, 0.2290169894695282]
Model Complexity:  []
Dataset	k
cic	3

E-F1	E-AUC	E-ACC
0.587	0.807	0.868

F1	AUC	ACC
0.590	0.782	0.866

SIL	NHFD	WDFD	W-NHFD
0.349	1.078	0.516	0.019

Train Loss	E-Train Loss	Test Loss	E-Test Loss
6.122	nan	0.324	0.320

