n_clusters 3
alpha 1.0
beta 0.5
gamma 0.0
delta 0.0
cic


Experiment  Run
range(0, 5)
Test F1:  [0.6158013702761875, 0.6259299279378727, 0.610992752231057, 0.5769840420876566, 0.623280568484414]
Test AUC:  [0.8150694575660238, 0.8169585107774596, 0.8049746733332365, 0.7413659503495588, 0.7959586343221755]
Sil scores:  [0.47255823, 0.47701967, 0.46988353, 0.44962946, 0.49410948]
NHFD:  [1.0978262108262118, 1.1294216524216534, 1.1343532763532775, 1.123541310541312, 1.1298945868945882]
WDFD:  [0.5015053265586177, 0.5273443786234061, 0.5481975461318433, 0.5345681995649992, 0.5211398325064407]
Train Loss:  [[7.432, 5.07], [6.323, 3.371], [6.219, 3.292], [6.118, 3.27], [6.242, 3.136], [6.224, 2.994], [6.469, 2.904], [6.221, 2.842], [6.324, 2.836], [6.257, 2.828], [6.306, 2.8], [6.239, 2.805], [6.285, 2.814], [6.242, 2.837], [6.31, 2.886], [6.332, 2.754], [6.307, 2.899], [6.203, 2.729], [6.201, 2.818], [6.147, 2.856], [6.223, 2.818], [6.199, 2.773], [6.178, 2.85], [6.139, 2.796], [6.188, 2.827], [6.15, 2.893], [6.074, 2.77], [6.159, 2.904], [6.31, 2.882], [6.144, 2.799], [6.13, 2.814], [6.008, 2.833], [6.048, 2.875], [5.977, 2.84], [6.0, 2.774], [5.994, 2.848], [5.974, 2.855], [5.932, 2.877], [5.907, 2.808], [5.881, 2.843], [5.9, 2.841], [5.889, 2.847], [5.9, 2.75], [5.844, 2.773], [5.835, 2.874], [6.048, 2.762], [5.932, 2.829], [5.894, 2.811]]
E-Train Loss:  []
Test Loss:  [0.3238529860973358, 0.3246215283870697, 0.32454442977905273, 0.3543836772441864, 0.3218873143196106]
E-Test Loss:  [0.32052770256996155, 0.32185834646224976, 0.32085320353507996, 0.33820727467536926, 0.3180423974990845]
Local Test Loss:  [0.2401413917541504, 0.2449626475572586, 0.2444617748260498, 0.2617455720901489, 0.24321995675563812]
Model Complexity:  []
Dataset	k
cic	3

E-F1	E-AUC	E-ACC
0.592	0.815	0.865

F1	AUC	ACC
0.611	0.795	0.866

SIL	NHFD	WDFD	W-NHFD
0.473	1.123	0.527	0.022

Train Loss	E-Train Loss	Test Loss	E-Test Loss
4.533	nan	0.330	0.324

n_clusters 3
alpha 1.0
beta 0.5
gamma 0.01
delta 0.0
cic


Experiment  Run
range(0, 5)
Test F1:  [0.6248145966480365, 0.6026148408251668, 0.5713425412208164, 0.6118322658720645, 0.6221985556479762]
Test AUC:  [0.8194843643260998, 0.7744564032499528, 0.8061197329980669, 0.7281711930059156, 0.823355583494426]
Sil scores:  [0.52121735, 0.47824022, 0.4596305, 0.47924674, 0.35235262]
NHFD:  [1.1332905982905987, 1.1135982905982915, 1.1440968660968671, 1.131863247863249, 1.020227920227921]
WDFD:  [0.5295726437017061, 0.522923701572653, 0.539875767625143, 0.5314704353851065, 0.5358910155410096]
Train Loss:  [[7.365, 3.953], [6.406, 2.926], [6.259, 2.733], [6.143, 2.655], [6.279, 2.59], [6.161, 2.478], [6.266, 2.433], [6.27, 2.459], [6.322, 2.353], [6.275, 2.449], [6.3, 2.437], [6.293, 2.471], [6.284, 2.505], [6.295, 2.572], [6.261, 2.508], [6.282, 2.601], [6.33, 2.568], [6.302, 2.558], [6.307, 2.572], [6.199, 2.58], [6.438, 2.609], [6.312, 2.589], [6.338, 2.483], [6.182, 2.435], [6.144, 2.591], [6.147, 2.522], [6.194, 2.669], [6.103, 2.59], [6.045, 2.627], [6.051, 2.556], [6.175, 2.526], [6.072, 2.599], [6.09, 2.615], [6.065, 2.506], [6.054, 2.573], [6.116, 2.648], [6.034, 2.515], [6.049, 2.508], [5.994, 2.587], [6.019, 2.573], [5.984, 2.563], [5.914, 2.583], [5.989, 2.489], [5.942, 2.538]]
E-Train Loss:  []
Test Loss:  [0.32444530725479126, 0.3244892656803131, 0.3227304220199585, 0.3253214359283447, 0.31809982657432556]
E-Test Loss:  [0.31991568207740784, 0.3230103850364685, 0.3197556436061859, 0.3216860294342041, 0.31404054164886475]
Local Test Loss:  [0.25124049186706543, 0.24353381991386414, 0.24110351502895355, 0.24576029181480408, 0.2207273542881012]
Model Complexity:  []
Dataset	k
cic	3

E-F1	E-AUC	E-ACC
0.600	0.807	0.867

F1	AUC	ACC
0.607	0.790	0.865

SIL	NHFD	WDFD	W-NHFD
0.458	1.109	0.532	0.023

Train Loss	E-Train Loss	Test Loss	E-Test Loss
4.397	nan	0.323	0.320

n_clusters 3
alpha 1.0
beta 0.5
gamma 0.1
delta 0.0
cic


Experiment  Run
range(0, 5)
Test F1:  [0.6714745037119995, 0.6602106693849813, 0.6285285147703253, 0.635571103972275, 0.6034233854554545]
Test AUC:  [0.8198095776224184, 0.8335743666516475, 0.8264083189197831, 0.832736351942559, 0.7919288963823199]
Sil scores:  [0.5000854, 0.50331914, 0.4808922, 0.49643525, 0.4600431]
NHFD:  [1.0956125356125366, 1.1282079772079785, 1.135051282051283, 1.112387464387465, 1.1535641025641035]
WDFD:  [0.5071210694208571, 0.5358079380392037, 0.5120860411452126, 0.5809196978152661, 0.5910730767817362]
Train Loss:  [[7.787, 4.411], [6.722, 3.27], [6.566, 3.279], [6.378, 3.183], [6.563, 3.126], [6.416, 3.0], [6.56, 2.912], [6.493, 2.818], [6.553, 2.848], [6.502, 2.848], [6.659, 2.797], [6.592, 2.808], [6.534, 2.768], [6.532, 2.815], [6.543, 2.75], [6.504, 2.747], [6.45, 2.655], [6.443, 2.741], [6.524, 2.693], [6.54, 2.7], [6.543, 2.764], [6.378, 2.679], [6.371, 2.725], [6.357, 2.652], [6.408, 2.633], [6.391, 2.75], [6.393, 2.73], [6.375, 2.542], [6.363, 2.628], [6.363, 2.606], [6.362, 2.561], [6.296, 2.65]]
E-Train Loss:  []
Test Loss:  [0.3311693072319031, 0.3203297555446625, 0.3180144429206848, 0.3160608112812042, 0.31905296444892883]
E-Test Loss:  [0.3252217769622803, 0.31774649024009705, 0.3132151663303375, 0.3136894404888153, 0.3170072138309479]
Local Test Loss:  [0.251555860042572, 0.2475045621395111, 0.23762556910514832, 0.24021288752555847, 0.239389568567276]
Model Complexity:  []
Dataset	k
cic	3

E-F1	E-AUC	E-ACC
0.635	0.830	0.870

F1	AUC	ACC
0.640	0.821	0.868

SIL	NHFD	WDFD	W-NHFD
0.488	1.125	0.545	0.027

Train Loss	E-Train Loss	Test Loss	E-Test Loss
4.680	nan	0.321	0.317

n_clusters 3
alpha 1.0
beta 0.5
gamma 0.5
delta 0.0
cic


Experiment  Run
range(0, 5)
Test F1:  [0.6845250763513471, 0.7114704017904943, 0.6834349013426084, 0.6466884328358209, 0.6115711848946926]
Test AUC:  [0.846632407232453, 0.8342756645978983, 0.8447140575718375, 0.7429375118094215, 0.754307713550675]
Sil scores:  [0.40384483, 0.4306256, 0.4063346, 0.3482234, 0.2795732]
NHFD:  [1.137410256410257, 1.0525555555555564, 1.1208233618233627, 1.1132507122507138, 1.1153903133903142]
WDFD:  [0.6378286436781965, 0.5175944496628312, 0.5936022915881761, 0.5557147992515304, 0.8082794360868498]
Train Loss:  [[9.799, 4.77], [8.009, 3.251], [7.789, 3.139], [7.529, 2.91], [7.598, 2.79], [7.452, 2.557], [7.56, 2.468], [7.669, 2.402], [7.84, 2.389], [7.725, 2.292], [8.096, 2.306], [7.657, 2.198], [7.44, 2.116], [7.382, 2.122], [7.347, 2.035], [7.369, 1.981], [7.413, 1.964], [7.318, 1.933], [7.313, 1.883], [7.32, 1.805], [7.242, 1.8], [7.246, 1.672], [7.157, 1.627], [7.449, 1.482], [7.397, 1.712], [7.839, 1.376], [7.199, 1.496], [7.227, 1.417]]
E-Train Loss:  []
Test Loss:  [0.3078906536102295, 0.36361950635910034, 0.30957266688346863, 0.32506251335144043, 0.3318995535373688]
E-Test Loss:  [0.30608534812927246, 0.34986361861228943, 0.3048473000526428, 0.32111701369285583, 0.3289952874183655]
Local Test Loss:  [0.22379203140735626, 0.2463897317647934, 0.22367088496685028, 0.2265821397304535, 0.22435803711414337]
Model Complexity:  []
Dataset	k
cic	3

E-F1	E-AUC	E-ACC
0.658	0.826	0.868

F1	AUC	ACC
0.668	0.805	0.868

SIL	NHFD	WDFD	W-NHFD
0.374	1.108	0.623	0.033

Train Loss	E-Train Loss	Test Loss	E-Test Loss
4.898	nan	0.328	0.322

n_clusters 3
alpha 1.0
beta 0.5
gamma 1.0
delta 0.0
cic


Experiment  Run
range(0, 5)
Test F1:  [0.6124223602484473, 0.6953044294371769, 0.7100490737204967, 0.6976946064729044, 0.6995613267021574]
Test AUC:  [0.8203391847502217, 0.8456653973052717, 0.7505541343875816, 0.8431518073865205, 0.7716121495327102]
Sil scores:  [0.35745782, 0.35017982, 0.43180123, 0.36354083, 0.34954897]
NHFD:  [1.074943019943021, 1.1616324786324794, 1.0906324786324795, 1.138407407407408, 1.0306324786324799]
WDFD:  [0.5020212563382579, 0.6601161605896871, 0.5130875436681616, 0.6939169661168608, 0.4823255846764205]
Train Loss:  [[11.932, 4.473], [10.569, 4.13], [10.146, 3.82], [9.952, 3.71], [9.815, 3.575], [9.561, 3.376], [9.59, 3.197], [9.451, 3.094], [9.277, 2.952], [9.09, 2.844], [9.049, 2.773], [9.009, 2.735], [8.954, 2.599], [8.826, 2.528], [8.937, 2.482], [8.864, 2.413], [8.637, 2.32], [8.804, 2.236], [8.437, 2.046], [8.485, 2.275], [9.264, 1.921], [9.145, 1.911], [8.696, 2.178], [8.826, 1.939], [8.234, 1.933], [8.291, 2.132], [8.732, 1.761], [8.854, 1.663], [8.487, 2.101], [8.625, 1.934], [8.112, 1.683], [7.807, 1.778], [8.105, 1.741], [8.908, 1.656], [8.033, 1.482], [7.557, 1.445], [7.749, 1.368], [7.696, 1.394]]
E-Train Loss:  []
Test Loss:  [0.3255525827407837, 0.3036409020423889, 0.3944811224937439, 0.31040576100349426, 0.32740023732185364]
E-Test Loss:  [0.31988778710365295, 0.30288252234458923, 0.3659723997116089, 0.30817291140556335, 0.3103736340999603]
Local Test Loss:  [0.23693785071372986, 0.21133770048618317, 0.20682616531848907, 0.2174069881439209, 0.19495084881782532]
Model Complexity:  []
Dataset	k
cic	3

E-F1	E-AUC	E-ACC
0.670	0.837	0.871

F1	AUC	ACC
0.683	0.806	0.871

SIL	NHFD	WDFD	W-NHFD
0.371	1.099	0.570	0.039

Train Loss	E-Train Loss	Test Loss	E-Test Loss
5.659	nan	0.332	0.321

n_clusters 3
alpha 1.0
beta 0.5
gamma 1.5
delta 0.0
cic


Experiment  Run
range(0, 5)
Test F1:  [0.6905953026741406, 0.6179794263639584, 0.705232385036299, 0.701522684275995, 0.7107415058034822]
Test AUC:  [0.8361340587346114, 0.8416883475530879, 0.8307868889987065, 0.8286598305257191, 0.8480717940146218]
Sil scores:  [0.4025777, 0.29065377, 0.29914173, 0.4034422, 0.31809476]
NHFD:  [1.124233618233619, 1.1572079772079782, 1.079082621082622, 1.1412564102564107, 1.1476951566951579]
WDFD:  [0.5590550978504542, 0.7004355119394771, 0.5706958495996872, 0.6440428942237918, 0.6389239639296664]
Train Loss:  [[13.975, 4.615], [11.098, 3.053], [10.503, 2.818], [10.118, 2.619], [9.834, 2.354], [9.639, 2.254], [9.531, 2.126], [9.457, 2.099], [9.503, 2.073], [9.481, 2.023], [9.272, 1.874], [9.2, 1.875], [9.192, 1.808], [9.415, 1.672], [9.419, 1.544], [10.548, 1.395], [8.56, 1.336], [8.947, 1.33], [7.907, 1.157], [8.448, 1.326], [8.663, 1.391], [8.275, 1.209], [11.109, 1.717], [16.663, 2.001]]
E-Train Loss:  []
Test Loss:  [0.3153795301914215, 0.308778315782547, 0.30754199624061584, 0.31468209624290466, 0.30686211585998535]
E-Test Loss:  [0.3106532096862793, 0.3065771460533142, 0.30711352825164795, 0.310374915599823, 0.30607765913009644]
Local Test Loss:  [0.16530688107013702, 0.19555146992206573, 0.20139747858047485, 0.1765909194946289, 0.2036280483007431]
Model Complexity:  []
Dataset	k
cic	3

E-F1	E-AUC	E-ACC
0.681	0.850	0.868

F1	AUC	ACC
0.685	0.837	0.869

SIL	NHFD	WDFD	W-NHFD
0.343	1.130	0.623	0.042

Train Loss	E-Train Loss	Test Loss	E-Test Loss
5.967	nan	0.311	0.308

n_clusters 3
alpha 1.0
beta 0.5
gamma 2.0
delta 0.0
cic


Experiment  Run
range(0, 5)
Test F1:  [0.7055714499098045, 0.706022342301985, 0.7128795326701001, 0.5823892057357355, 0.6485842700362099]
Test AUC:  [0.7177457449746372, 0.8478415102978154, 0.816783186290897, 0.80276222365954, 0.8000233463176407]
Sil scores:  [0, 0.25117916, 0.36462998, 0.3764509, 0.38852647]
NHFD:  [1.8019999999999992, 1.028131054131055, 1.0914928774928783, 1.0694928774928787, 1.051079772079773]
WDFD:  [0, 0.4970905359704459, 0.5407870307091497, 0.5011345454520597, 0.49452387620685334]
Train Loss:  [[18.678, 5.632], [14.449, 3.791], [12.867, 3.256], [12.253, 2.981], [11.534, 2.638], [11.018, 2.432], [10.993, 2.392], [10.681, 2.252], [10.683, 2.201], [10.575, 2.178], [10.323, 1.948], [10.579, 1.797], [10.087, 1.662], [10.065, 1.525], [9.472, 1.503], [9.24, 1.42], [9.101, 1.382], [9.316, 1.39], [9.9, 1.564], [9.372, 1.448], [9.818, 1.327], [10.554, 1.333], [8.943, 1.184], [8.691, 1.126], [8.468, 1.079], [8.171, 0.98], [8.588, 1.075], [11.934, 1.107], [10.424, 1.042], [9.312, 1.083], [9.083, 0.989], [9.499, 0.829], [7.992, 0.766], [7.861, 0.673], [7.323, 0.545], [7.539, 0.603]]
E-Train Loss:  []
Test Loss:  [0.3860909044742584, 0.3164021372795105, 0.3329668641090393, 0.3247491121292114, 0.3290540874004364]
E-Test Loss:  [0.397361159324646, 0.31196126341819763, 0.32939228415489197, 0.32109880447387695, 0.3216177523136139]
Local Test Loss:  [0.1552014797925949, 0.20522843301296234, 0.15958115458488464, 0.2363668978214264, 0.24207790195941925]
Model Complexity:  []
Dataset	k
cic	3

E-F1	E-AUC	E-ACC
0.661	0.833	0.867

F1	AUC	ACC
0.671	0.797	0.867

SIL	NHFD	WDFD	W-NHFD
0.276	1.208	0.407	0.024

Train Loss	E-Train Loss	Test Loss	E-Test Loss
5.924	nan	0.338	0.336

n_clusters 3
alpha 1.0
beta 0.5
gamma 10.0
delta 0.0
cic


Experiment  Run
range(0, 5)
Test F1:  [0.4615936826992103, 0.6959332058669807, 0.584940178999585, 0.4887581173245733, 0.4615936826992103]
Test AUC:  [0.49255347851048675, 0.8489983793840206, 0.8018996816906732, 0.7739408765860962, 0.8506389805380735]
Sil scores:  [0.10430149, 0.19738075, 0.6207641, 0.5594401, 0]
NHFD:  [0.5305868945868949, 0.5841082621082622, 1.08408831908832, 1.117398860398861, 0]
WDFD:  [0.45199823215789586, 0.5412105491299283, 0.5386625274563439, 0.6058994667741491, 0]
Train Loss:  [[36.775, 2.889], [29.943, 2.149], [24.349, 1.782], [22.168, 1.547], [20.832, 1.455], [20.034, 1.362], [19.249, 1.301], [19.963, 1.347], [22.658, 1.537], [21.11, 1.369], [20.075, 1.32], [19.967, 1.331], [18.81, 1.235], [18.18, 1.183], [17.633, 1.148], [16.954, 1.085], [16.573, 1.049], [16.289, 1.025], [15.722, 0.958], [17.555, 0.999], [17.6, 1.057], [18.537, 1.07], [21.126, 1.208], [18.134, 0.993], [16.881, 0.887], [15.467, 0.787]]
E-Train Loss:  []
Test Loss:  [0.4730055034160614, 0.30102038383483887, 0.3323560655117035, 0.339112251996994, 0.30808889865875244]
E-Test Loss:  [0.4929593503475189, 0.30102962255477905, 0.32813695073127747, 0.33907845616340637, 0.29905033111572266]
Local Test Loss:  [0.2947632968425751, 0.11496784538030624, 0.26633283495903015, 0.273794025182724, 0.12182823568582535]
Model Complexity:  []
Dataset	k
cic	3

E-F1	E-AUC	E-ACC
0.589	0.764	0.865

F1	AUC	ACC
0.539	0.754	0.862

SIL	NHFD	WDFD	W-NHFD
0.296	0.663	0.428	0.016

Train Loss	E-Train Loss	Test Loss	E-Test Loss
10.705	nan	0.351	0.352

