alpha
n_clusters 3
alpha 0.0
beta 0.0
gamma 0.0
delta 0.0
attention True
cic
n_clusters 3
alpha 0.001
beta 0.0
gamma 0.0
delta 0.0
attention True
cic


Experiment  Run
range(0, 5)
Test F1:  [0.6461941170545258, 0.6589286214331718, 0.6162692847124824, 0.657354916248219, 0.6435743103775923]
Test AUC:  [0.8077794109097252, 0.7358209728056279, 0.8101154052993416, 0.8112377545384515, 0.8079629111495472]
Sil scores:  [0.23991844, 0.3028036, 0.23563701, 0.26025066, 0.32480693]
NHFD:  [1.0629857549857558, 1.0688347578347586, 1.071139601139602, 1.0782877492877498, 1.054754985754987]
WDFD:  [0.9769917897682476, 1.149292348852981, 0.9276261945762597, 1.0225434022728173, 1.1606133742217677]
Train Loss:  [[6.953, 4.058], [6.09, 2.865], [5.773, 2.679], [5.653, 2.446], [5.629, 2.306], [5.611, 2.152], [5.602, 2.041], [5.526, 1.954], [5.507, 1.898], [5.508, 1.934], [5.494, 1.876], [5.46, 1.886], [5.466, 1.859], [5.461, 1.845], [5.515, 1.896], [5.473, 1.827], [5.425, 1.794], [5.374, 1.821], [5.32, 1.81], [5.336, 1.754], [5.284, 1.745], [5.298, 1.701], [5.281, 1.732], [5.268, 1.725], [5.231, 1.694], [5.169, 1.624], [5.197, 1.674], [5.173, 1.626], [5.17, 1.724], [5.219, 1.669], [5.162, 1.644], [5.716, 1.64], [5.363, 1.638], [5.285, 1.65], [5.579, 1.637], [5.369, 1.603], [5.172, 1.586], [5.105, 1.641], [5.056, 1.555], [4.992, 1.498], [5.002, 1.464], [4.972, 1.464], [5.003, 1.507], [5.009, 1.471], [4.946, 1.453], [4.952, 1.433]]
E-Train Loss:  []
Test Loss:  [0.3313755393028259, 0.33888623118400574, 0.32150641083717346, 0.3511348366737366, 0.3288349211215973]
E-Test Loss:  [0.324075311422348, 0.32896047830581665, 0.318266898393631, 0.33824023604393005, 0.3223595917224884]
Local Test Loss:  [0.16678932309150696, 0.17974309623241425, 0.16245129704475403, 0.1791192889213562, 0.16987745463848114]
Model Complexity:  []
Dataset	k
cic	3

E-F1	E-AUC	E-ACC
0.647	0.822	0.866

F1	AUC	ACC
0.644	0.795	0.863

SIL	NHFD	WDFD	W-NHFD
0.273	1.067	1.047	0.017

Train Loss	E-Train Loss	Test Loss	E-Test Loss
3.605	nan	0.334	0.326

n_clusters 3
alpha 0.01
beta 0.0
gamma 0.0
delta 0.0
attention True
cic


Experiment  Run
range(0, 5)
Test F1:  [0.6541494316860567, 0.631849030832199, 0.6499050853787026, 0.647636450415384, 0.6294519726585921]
Test AUC:  [0.7868045159227337, 0.7675465291202164, 0.8142611935146291, 0.7863850543596749, 0.7802461991831514]
Sil scores:  [0.24686298, 0.25647146, 0.25753045, 0.30320227, 0.30227068]
NHFD:  [1.0583162393162395, 1.064222222222223, 1.065341880341881, 1.0645641025641035, 1.0472735042735053]
WDFD:  [0.9904834284869782, 0.9936371968080913, 1.0161715452070623, 1.161730654624218, 1.1541569572941575]
Train Loss:  [[7.005, 3.904], [6.085, 2.968], [5.795, 2.621], [5.687, 2.475], [5.627, 2.305], [5.565, 2.158], [5.549, 2.094], [5.539, 2.069], [5.53, 2.002], [5.527, 1.977], [5.502, 1.941], [5.536, 1.97], [5.467, 1.934], [5.479, 1.906], [5.435, 1.906], [5.422, 1.862], [5.442, 1.796], [5.385, 1.87], [5.355, 1.836], [5.344, 1.837], [5.375, 1.791], [5.305, 1.853], [5.267, 1.791], [5.301, 1.706], [5.225, 1.729], [5.232, 1.698], [5.208, 1.732], [5.174, 1.749], [5.163, 1.679], [5.281, 1.697], [5.198, 1.62], [5.155, 1.602], [5.081, 1.621], [5.114, 1.609], [5.053, 1.622], [5.094, 1.572], [5.104, 1.574], [5.034, 1.527], [5.003, 1.532], [5.046, 1.551], [4.989, 1.483], [4.974, 1.437]]
E-Train Loss:  []
Test Loss:  [0.33772146701812744, 0.32239168882369995, 0.3263866901397705, 0.3283196687698364, 0.32556700706481934]
E-Test Loss:  [0.32986587285995483, 0.31843021512031555, 0.3182317614555359, 0.3225969076156616, 0.3174563944339752]
Local Test Loss:  [0.17103731632232666, 0.1651177853345871, 0.1677500158548355, 0.17523929476737976, 0.1740739494562149]
Model Complexity:  []
Dataset	k
cic	3

E-F1	E-AUC	E-ACC
0.632	0.824	0.865

F1	AUC	ACC
0.643	0.787	0.862

SIL	NHFD	WDFD	W-NHFD
0.273	1.060	1.063	0.019

Train Loss	E-Train Loss	Test Loss	E-Test Loss
3.634	nan	0.328	0.321

n_clusters 3
alpha 0.1
beta 0.0
gamma 0.0
delta 0.0
attention True
cic


Experiment  Run
range(0, 5)
Test F1:  [0.6107097218046889, 0.6462550348953736, 0.6503026843636612, 0.6248145966480365, 0.6298764682473925]
Test AUC:  [0.818418336942777, 0.8132308214996875, 0.8165996860510749, 0.8116737947122861, 0.8105846026947283]
Sil scores:  [0.29244453, 0.25422153, 0.30303487, 0.27395242, 0.23744705]
NHFD:  [1.056282051282052, 1.0638461538461543, 1.0706666666666678, 1.0593675213675222, 1.0622279202279208]
WDFD:  [1.0949606635606584, 1.0135180556270635, 1.137122772095668, 1.0504468483970462, 0.975143943498336]
Train Loss:  [[7.052, 3.158], [6.068, 2.588], [5.818, 2.471], [5.668, 2.278], [5.624, 2.142], [5.609, 1.991], [5.578, 1.972], [5.613, 2.044], [5.593, 1.896], [5.637, 1.944], [5.513, 1.914], [5.533, 1.893], [5.463, 1.876], [5.4, 1.852], [5.451, 1.852], [5.426, 1.837], [5.406, 1.845], [5.375, 1.794], [5.365, 1.776], [5.32, 1.781], [5.31, 1.757], [5.286, 1.752], [5.271, 1.743], [5.251, 1.769], [5.244, 1.76], [5.239, 1.68], [5.167, 1.707], [5.17, 1.639], [5.126, 1.672], [5.106, 1.706], [5.102, 1.687], [5.099, 1.601], [5.062, 1.626], [5.08, 1.63], [5.056, 1.614], [5.038, 1.601], [5.02, 1.558], [5.006, 1.604], [5.027, 1.528], [4.994, 1.537], [4.953, 1.472], [4.961, 1.483], [4.964, 1.439], [4.946, 1.457], [4.994, 1.427], [5.021, 1.4], [4.949, 1.403], [4.958, 1.398]]
E-Train Loss:  []
Test Loss:  [0.32528331875801086, 0.3277512490749359, 0.3345840573310852, 0.32970181107521057, 0.33909785747528076]
E-Test Loss:  [0.31977835297584534, 0.31932657957077026, 0.32769307494163513, 0.32074764370918274, 0.32914111018180847]
Local Test Loss:  [0.17481131851673126, 0.17133942246437073, 0.1823059469461441, 0.1757684051990509, 0.1756652444601059]
Model Complexity:  []
Dataset	k
cic	3

E-F1	E-AUC	E-ACC
0.625	0.825	0.867

F1	AUC	ACC
0.632	0.814	0.865

SIL	NHFD	WDFD	W-NHFD
0.272	1.062	1.054	0.016

Train Loss	E-Train Loss	Test Loss	E-Test Loss
3.547	nan	0.331	0.323

n_clusters 3
alpha 0.5
beta 0.0
gamma 0.0
delta 0.0
attention True
cic


Experiment  Run
range(0, 5)
Test F1:  [0.6504025067695988, 0.6280975499212792, 0.6524129196855886, 0.6403014500293361, 0.638963059221915]
Test AUC:  [0.8190119874711124, 0.6592187068501911, 0.8187617185796718, 0.8172414826819379, 0.809761122658101]
Sil scores:  [0.25886968, 0.30311713, 0.2873388, 0.27062055, 0.26813206]
NHFD:  [1.0689002849002858, 1.051709401709402, 1.0611709401709406, 1.0613475783475788, 1.060196581196582]
WDFD:  [1.007747513549366, 1.1081895680543712, 1.0550372089358573, 1.0374438452792691, 1.0285632279028032]
Train Loss:  [[6.926, 5.156], [6.041, 3.323], [5.755, 3.009], [5.676, 2.763], [5.632, 2.641], [5.58, 2.481], [5.581, 2.353], [5.579, 2.31], [5.621, 2.285], [5.854, 2.253], [5.649, 2.206], [5.537, 2.154], [5.45, 2.121], [5.442, 2.191], [5.468, 2.172], [5.424, 2.103], [5.384, 1.997], [5.39, 2.057], [5.319, 2.048], [5.328, 2.077], [5.302, 2.006], [5.293, 1.955], [5.272, 1.947], [5.227, 1.999], [5.218, 2.011], [5.237, 1.893], [5.238, 1.921], [5.189, 1.916], [5.159, 1.876], [5.18, 1.907], [5.131, 1.909], [5.082, 1.841], [5.11, 1.812], [5.076, 1.873], [5.102, 1.837], [5.044, 1.794], [5.048, 1.755], [5.053, 1.758]]
E-Train Loss:  []
Test Loss:  [0.3255099356174469, 0.323668897151947, 0.3206377923488617, 0.3318944573402405, 0.3277842104434967]
E-Test Loss:  [0.31672388315200806, 0.31895187497138977, 0.31744444370269775, 0.325243204832077, 0.3222132623195648]
Local Test Loss:  [0.1892915815114975, 0.19611264765262604, 0.19096626341342926, 0.19344450533390045, 0.19277018308639526]
Model Complexity:  []
Dataset	k
cic	3

E-F1	E-AUC	E-ACC
0.629	0.821	0.867

F1	AUC	ACC
0.642	0.785	0.865

SIL	NHFD	WDFD	W-NHFD
0.278	1.061	1.047	0.015

Train Loss	E-Train Loss	Test Loss	E-Test Loss
3.807	nan	0.326	0.320

n_clusters 3
alpha 1.0
beta 0.0
gamma 0.0
delta 0.0
attention True
cic


Experiment  Run
range(0, 5)
Test F1:  [0.6479161549168919, 0.6409571619334613, 0.6379751364375905, 0.5896580483736448, 0.6221686143049594]
Test AUC:  [0.8143459034025669, 0.803885935524193, 0.7340572811441695, 0.6528775017804973, 0.820720719902327]
Sil scores:  [0.2702412, 0.25259474, 0.21536267, 0.25796124, 0.2568099]
NHFD:  [1.0426894586894593, 1.0539943019943026, 1.0668717948717956, 1.065076923076924, 1.0628831908831915]
WDFD:  [1.03573463309106, 1.001234733619618, 0.8948382318157412, 1.0313743312771253, 0.995683264343236]
Train Loss:  [[6.915, 3.9], [6.039, 3.299], [5.765, 3.058], [5.667, 2.833], [5.601, 2.619], [5.661, 2.49], [5.588, 2.425], [5.562, 2.381], [5.499, 2.305], [5.492, 2.398], [5.512, 2.314], [5.507, 2.332], [5.47, 2.229], [5.453, 2.299], [5.428, 2.256], [5.432, 2.224], [5.431, 2.176], [5.378, 2.16], [5.349, 2.189], [5.31, 2.14], [5.353, 2.17], [5.309, 2.166], [5.25, 2.152], [5.308, 2.064], [5.271, 2.058], [5.236, 2.059], [5.202, 2.113], [5.159, 2.062], [5.131, 1.982], [5.157, 2.028], [5.095, 1.967], [5.084, 1.945], [5.074, 1.882], [5.056, 1.881]]
E-Train Loss:  []
Test Loss:  [0.3307401239871979, 0.3342317044734955, 0.3410647511482239, 0.34670552611351013, 0.32139351963996887]
E-Test Loss:  [0.322156697511673, 0.3247549533843994, 0.33201709389686584, 0.3334873914718628, 0.3175150156021118]
Local Test Loss:  [0.20900097489356995, 0.21076278388500214, 0.2074948251247406, 0.2185378074645996, 0.20330582559108734]
Model Complexity:  []
Dataset	k
cic	3

E-F1	E-AUC	E-ACC
0.631	0.811	0.863

F1	AUC	ACC
0.628	0.765	0.861

SIL	NHFD	WDFD	W-NHFD
0.251	1.058	0.992	0.018

Train Loss	E-Train Loss	Test Loss	E-Test Loss
3.872	nan	0.335	0.326

