beta
n_clusters 3
alpha 1.0
beta 0.0
gamma 0.0
delta 0.0
cic


Experiment  Run
range(0, 5)
Test F1:  [0.5899279766269173, 0.598008286442654, 0.6248137999180287, 0.5541243497646767, 0.5808299566857622]
Test AUC:  [0.8099559781107833, 0.8156998989840263, 0.8036272637752357, 0.7445177032310577, 0.8009190455080595]
Sil scores:  [0.47255823, 0.47701967, 0.46988353, 0.44962946, 0.43747675]
NHFD:  [1.0978262108262118, 1.1294216524216534, 1.1343532763532775, 1.123541310541312, 1.148971509971511]
WDFD:  [0.5015053265586177, 0.5273443786234061, 0.5481975461318433, 0.5345681995649992, 0.6045067974222386]
Train Loss:  [[7.019, 3.859], [6.083, 3.427], [5.81, 3.123], [5.687, 2.86], [5.603, 2.737], [5.604, 2.655], [5.566, 2.584], [5.571, 2.563], [5.541, 2.55], [5.498, 2.505], [5.473, 2.492], [5.509, 2.44], [5.538, 2.406], [5.466, 2.378], [5.424, 2.442], [5.382, 2.469], [5.379, 2.318], [5.382, 2.37], [5.408, 2.334], [5.34, 2.321], [5.302, 2.297], [5.276, 2.217], [5.277, 2.214], [5.279, 2.152], [5.244, 2.218], [5.245, 2.179], [5.184, 2.131], [5.167, 2.164], [5.125, 2.067], [5.128, 2.063], [5.122, 2.057], [5.149, 2.02]]
E-Train Loss:  []
Test Loss:  [0.32608672976493835, 0.32271549105644226, 0.32362496852874756, 0.35354024171829224, 0.3224235773086548]
E-Test Loss:  [0.32360658049583435, 0.31930461525917053, 0.32115650177001953, 0.34005007147789, 0.3215480446815491]
Local Test Loss:  [0.24206018447875977, 0.24288535118103027, 0.24415387213230133, 0.2611984312534332, 0.23833775520324707]
Model Complexity:  []
Dataset	k
cic	3

E-F1	E-AUC	E-ACC
0.567	0.813	0.864

F1	AUC	ACC
0.590	0.795	0.866

SIL	NHFD	WDFD	W-NHFD
0.461	1.127	0.543	0.021

Train Loss	E-Train Loss	Test Loss	E-Test Loss
3.959	nan	0.330	0.325

n_clusters 3
alpha 1.0
beta 0.001
gamma 0.0
delta 0.0
cic


Experiment  Run
range(0, 5)
Test F1:  [0.6384458568173642, 0.6229564424918803, 0.6487643507717635, 0.17732394309812818, 0.6346546067216459]
Test AUC:  [0.8200021620325286, 0.8164693282074389, 0.8030147635935524, 0.379520737343934, 0.8026677482885423]
Sil scores:  [0.3789032, 0.21901473, 0.24629402, 0.24895106, 0.36791298]
NHFD:  [1.0348262108262116, 1.0658347578347587, 1.0511766381766385, 1.0679487179487184, 1.0388262108262114]
WDFD:  [1.2751663426858275, 0.901164687747623, 0.9951780662306945, 0.9932548177386313, 1.2428532194017472]
Train Loss:  [[7.078, 5.721], [6.109, 4.93], [5.784, 3.98], [5.68, 3.907], [5.748, 3.502], [5.618, 3.29], [5.56, 3.073], [5.678, 2.992], [5.548, 2.872], [5.546, 2.877], [5.554, 2.835], [5.494, 2.784], [5.451, 2.723], [5.46, 2.739], [5.417, 2.708], [5.46, 2.665], [5.391, 2.617], [5.372, 2.659], [5.395, 2.563], [5.318, 2.641], [5.3, 2.522], [5.324, 2.44], [5.246, 2.539], [5.245, 2.57], [5.224, 2.441], [5.219, 2.385], [5.185, 2.465], [5.168, 2.453], [5.194, 2.451], [5.199, 2.418], [5.204, 2.371], [5.22, 2.34], [5.088, 2.361], [5.114, 2.249], [5.098, 2.348], [5.02, 2.27], [5.048, 2.261], [5.037, 2.267], [5.01, 2.207], [5.005, 2.197]]
E-Train Loss:  []
Test Loss:  [0.3254070580005646, 0.3276371359825134, 0.343071848154068, 0.8168035745620728, 0.33690667152404785]
E-Test Loss:  [0.32125529646873474, 0.32157066464424133, 0.33196666836738586, 0.7974116206169128, 0.32910269498825073]
Local Test Loss:  [0.2333756536245346, 0.20028164982795715, 0.21558524668216705, 0.5670647025108337, 0.23624050617218018]
Model Complexity:  []
Dataset	k
cic	3

E-F1	E-AUC	E-ACC
0.535	0.720	0.722

F1	AUC	ACC
0.544	0.724	0.726

SIL	NHFD	WDFD	W-NHFD
0.292	1.052	1.082	0.015

Train Loss	E-Train Loss	Test Loss	E-Test Loss
4.093	nan	0.430	0.420

n_clusters 3
alpha 1.0
beta 0.01
gamma 0.0
delta 0.0
cic


Experiment  Run
range(0, 5)
Test F1:  [0.6255465368561328, 0.6281576883067195, 0.6415418431663683, 0.6298764682473925, 0.6472167384181539]
Test AUC:  [0.8145289494338745, 0.8086919158151771, 0.8180894899783433, 0.8077344442667984, 0.8137931316405285]
Sil scores:  [0.26343262, 0.14148638, 0.24255586, 0.21684681, 0.26457503]
NHFD:  [1.0597207977207983, 1.1032421652421665, 1.066113960113961, 1.096361823361824, 1.062427350427351]
WDFD:  [0.9622434056182843, 0.6363077147187792, 0.8911734533813824, 0.7867065984442702, 0.9904887992390033]
Train Loss:  [[7.047, 4.985], [6.126, 3.637], [5.794, 3.377], [5.722, 3.125], [5.693, 3.04], [5.654, 2.88], [5.575, 2.741], [5.551, 2.68], [5.514, 2.56], [5.528, 2.467], [5.531, 2.57], [5.519, 2.541], [5.483, 2.528], [5.464, 2.449], [5.43, 2.466], [5.535, 2.33], [5.398, 2.356], [5.415, 2.323], [5.389, 2.387], [5.365, 2.293], [5.348, 2.294], [5.332, 2.291], [5.293, 2.25], [5.316, 2.27], [5.199, 2.221], [5.255, 2.254], [5.233, 2.242], [5.196, 2.149], [5.16, 2.148], [5.133, 2.149], [5.144, 2.076], [5.11, 2.1], [5.126, 2.084], [5.121, 2.13], [5.057, 2.016], [5.033, 1.996], [5.041, 2.0], [5.04, 2.025], [5.068, 1.988], [5.057, 1.964], [5.141, 1.985], [5.149, 1.888], [5.03, 1.915], [4.969, 1.864]]
E-Train Loss:  []
Test Loss:  [0.32736101746559143, 0.3474389314651489, 0.3241734802722931, 0.34589070081710815, 0.3321625888347626]
E-Test Loss:  [0.32296282052993774, 0.3331810534000397, 0.31949999928474426, 0.33227694034576416, 0.3274584710597992]
Local Test Loss:  [0.21333125233650208, 0.2012113481760025, 0.20701873302459717, 0.2179502546787262, 0.21891817450523376]
Model Complexity:  []
Dataset	k
cic	3

E-F1	E-AUC	E-ACC
0.638	0.823	0.865

F1	AUC	ACC
0.634	0.813	0.862

SIL	NHFD	WDFD	W-NHFD
0.226	1.078	0.853	0.018

Train Loss	E-Train Loss	Test Loss	E-Test Loss
3.890	nan	0.335	0.327

n_clusters 3
alpha 1.0
beta 0.1
gamma 0.0
delta 0.0
cic


Experiment  Run
range(0, 5)
Test F1:  [0.6395932628439545, 0.6407624544754105, 0.5870712194510983, 0.6445179120526703, 0.6277259040725083]
Test AUC:  [0.7959963336288717, 0.8194221377596256, 0.8132680665978692, 0.7723211690237062, 0.7782831099838665]
Sil scores:  [0.3458172, 0.31985623, 0.3373173, 0.36110297, 0.3420465]
NHFD:  [1.1194301994302005, 1.1096495726495734, 1.100655270655272, 1.0749230769230782, 1.1022649572649585]
WDFD:  [0.6479565536916209, 0.5538232465651493, 0.5487141734803108, 0.5334946486316268, 0.5589492223220556]
Train Loss:  [[7.03, 6.553], [6.12, 4.927], [5.878, 3.238], [5.744, 3.184], [5.691, 2.974], [5.661, 2.724], [5.689, 2.628], [5.655, 2.64], [5.628, 2.552], [5.634, 2.531], [5.695, 2.453], [5.668, 2.529], [5.608, 2.471], [5.589, 2.433], [5.601, 2.428], [5.601, 2.355], [5.6, 2.371], [5.609, 2.358], [5.55, 2.447], [5.507, 2.395], [5.533, 2.358], [5.484, 2.343], [5.5, 2.387], [5.462, 2.316], [5.428, 2.305], [5.426, 2.314], [5.398, 2.32], [5.375, 2.344], [5.365, 2.293], [5.335, 2.348], [5.322, 2.196], [5.336, 2.329], [5.376, 2.332], [5.385, 2.25], [5.296, 2.275], [5.254, 2.228], [5.187, 2.195], [5.23, 2.224], [5.245, 2.345], [5.224, 2.271], [5.195, 2.282], [5.167, 2.187], [5.17, 2.257], [5.149, 2.203], [5.17, 2.201], [5.193, 2.231], [5.133, 2.156], [5.178, 2.146]]
E-Train Loss:  []
Test Loss:  [0.3187190294265747, 0.32498326897621155, 0.33301642537117004, 0.33607006072998047, 0.3245309591293335]
E-Test Loss:  [0.31766241788864136, 0.3182846009731293, 0.3223494589328766, 0.33011019229888916, 0.3209344744682312]
Local Test Loss:  [0.2221658080816269, 0.22054463624954224, 0.2282482087612152, 0.23770783841609955, 0.22485533356666565]
Model Complexity:  []
Dataset	k
cic	3

E-F1	E-AUC	E-ACC
0.626	0.817	0.868

F1	AUC	ACC
0.628	0.796	0.864

SIL	NHFD	WDFD	W-NHFD
0.341	1.101	0.569	0.023

Train Loss	E-Train Loss	Test Loss	E-Test Loss
4.011	nan	0.327	0.322

n_clusters 3
alpha 1.0
beta 0.5
gamma 0.0
delta 0.0
cic


Experiment  Run
range(0, 5)
Test F1:  [0.5855884509228911, 0.5704893117917204, 0.5967249050982979, 0.6080266998512023, 0.5873299984445772]
Test AUC:  [0.8153833156494819, 0.7645519323847036, 0.8178519389253063, 0.8096437097571256, 0.8162549417886368]
Sil scores:  [0.45829383, 0.40220985, 0.3908515, 0.32462877, 0.36816508]
NHFD:  [1.1512307692307702, 1.0635413105413114, 1.0714985754985766, 1.0730313390313402, 1.1040028490028504]
WDFD:  [0.5911369510398016, 0.5021949672018372, 0.49087727116594326, 0.4971660044736903, 0.5177266424666166]
Train Loss:  [[7.271, 6.285], [6.368, 4.303], [6.092, 4.057], [5.975, 3.939], [6.047, 3.668], [5.952, 3.465], [6.086, 3.302], [6.06, 3.356], [6.16, 3.155], [6.098, 3.294], [6.137, 3.232], [6.035, 3.296], [6.116, 3.235], [6.092, 3.141], [6.14, 3.165], [6.093, 3.183], [6.091, 3.236], [6.021, 3.321], [6.058, 3.162], [5.973, 3.225], [6.241, 3.159], [6.132, 3.202], [6.0, 3.113], [6.12, 3.081], [6.078, 3.19], [5.994, 3.08], [5.958, 3.094], [6.015, 3.022], [5.931, 2.994], [5.886, 3.095], [5.868, 3.02], [5.909, 3.149], [5.831, 2.959], [5.828, 3.138], [5.959, 3.11], [6.166, 3.018], [6.098, 2.946], [5.823, 2.957], [5.882, 2.989], [5.926, 2.91], [5.794, 2.913], [5.781, 2.925], [5.801, 2.872], [5.731, 2.938], [5.746, 2.852], [5.706, 2.762]]
E-Train Loss:  []
Test Loss:  [0.32833173871040344, 0.32069337368011475, 0.3240582346916199, 0.3281262516975403, 0.3258480429649353]
E-Test Loss:  [0.3253171145915985, 0.3176998794078827, 0.31994205713272095, 0.3236022889614105, 0.3202856183052063]
Local Test Loss:  [0.24835166335105896, 0.23807977139949799, 0.23887838423252106, 0.23284980654716492, 0.23628318309783936]
Model Complexity:  []
Dataset	k
cic	3

E-F1	E-AUC	E-ACC
0.587	0.818	0.866

F1	AUC	ACC
0.590	0.805	0.864

SIL	NHFD	WDFD	W-NHFD
0.389	1.093	0.520	0.020

Train Loss	E-Train Loss	Test Loss	E-Test Loss
4.637	nan	0.325	0.321

n_clusters 3
alpha 1.0
beta 1.0
gamma 0.0
delta 0.0
cic


Experiment  Run
range(0, 5)
Test F1:  [0.5728807767874939, 0.5999305090214182, 0.6233377933749303, 0.5726208784825803, 0.5837922356288163]
Test AUC:  [0.8156603828432727, 0.7485969498989841, 0.8167609300736909, 0.7812159343614191, 0.8014045944099649]
Sil scores:  [0.3886258, 0.37719932, 0.5223853, 0.49277973, 0.55327773]
NHFD:  [1.0805925925925937, 1.083951566951568, 1.1537920227920238, 1.1593447293447303, 1.1285128205128216]
WDFD:  [0.5081426443238088, 0.5022649555314532, 0.6490542250188508, 0.6178487348743406, 0.5487635399110724]
Train Loss:  [[7.324, 4.695], [6.498, 3.424], [6.728, 3.455], [6.51, 3.426], [6.88, 3.471], [6.752, 3.315], [7.0, 3.315], [6.932, 3.209], [7.027, 3.172], [6.881, 3.099], [6.984, 3.207], [6.887, 3.148], [7.016, 3.17], [6.915, 3.175], [6.968, 3.09], [6.962, 3.162], [6.982, 3.128], [6.852, 3.186], [6.916, 3.141], [6.948, 3.2], [6.949, 3.124], [7.239, 3.236], [6.99, 3.108], [7.662, 3.155], [7.038, 3.08], [6.918, 3.105], [7.21, 3.133], [6.887, 3.113], [6.778, 3.25], [6.677, 3.033], [6.7, 3.133], [6.717, 3.119], [6.688, 3.205], [6.654, 3.165], [6.646, 3.123], [6.575, 3.126], [6.636, 3.193], [6.645, 3.143], [6.661, 3.16], [6.793, 3.207], [6.638, 3.081], [6.599, 3.105], [6.528, 3.061], [6.549, 3.169], [6.621, 3.069], [6.529, 3.17]]
E-Train Loss:  []
Test Loss:  [0.3235684633255005, 0.34597712755203247, 0.3229351341724396, 0.32402029633522034, 0.3268577754497528]
E-Test Loss:  [0.32042384147644043, 0.3445771336555481, 0.31959909200668335, 0.3222111463546753, 0.3236813247203827]
Local Test Loss:  [0.23952555656433105, 0.2544073462486267, 0.2522842288017273, 0.25084611773490906, 0.25571343302726746]
Model Complexity:  []
Dataset	k
cic	3

E-F1	E-AUC	E-ACC
0.579	0.809	0.866

F1	AUC	ACC
0.591	0.793	0.865

SIL	NHFD	WDFD	W-NHFD
0.467	1.121	0.565	0.018

Train Loss	E-Train Loss	Test Loss	E-Test Loss
5.024	nan	0.329	0.326

n_clusters 3
alpha 1.0
beta 2.0
gamma 0.0
delta 0.0
cic


Experiment  Run
range(0, 5)
Test F1:  [0.5872820995803866, 0.4615936826992103, 0.5813347926108422, 0.5422052668617356, 0.5092811143165196]
Test AUC:  [0.805398449877182, 0.7964287401345911, 0.8033367974302699, 0.7681796957893055, 0.8090461984564178]
Sil scores:  [0.56601715, 0.5607334, 0.6207641, 0.6004548, 0.59180456]
NHFD:  [1.1507464387464397, 1.160866096866098, 1.08408831908832, 1.0949800569800576, 1.1415527065527078]
WDFD:  [0.6300946813730183, 0.6752268594027063, 0.5386625274563439, 0.5610329605216786, 0.6020944828314557]
Train Loss:  [[8.165, 5.487], [6.914, 3.772], [7.67, 3.641], [7.19, 3.579], [8.022, 3.581], [7.735, 3.522], [8.227, 3.476], [8.052, 3.495], [8.278, 3.42], [8.253, 3.384], [8.444, 3.348], [8.255, 3.376], [8.179, 3.282], [7.923, 3.397], [8.034, 3.45], [8.032, 3.428], [8.222, 3.419], [8.066, 3.422], [7.928, 3.473], [7.923, 3.329], [7.911, 3.336], [7.976, 3.383], [7.954, 3.419], [7.986, 3.39], [8.151, 3.327], [7.939, 3.44], [7.88, 3.392], [7.799, 3.439], [7.788, 3.367], [7.812, 3.453], [7.959, 3.494], [7.744, 3.41], [7.924, 3.439], [7.843, 3.49], [7.8, 3.42], [7.712, 3.575], [7.703, 3.494], [7.634, 3.502]]
E-Train Loss:  []
Test Loss:  [0.32669347524642944, 0.33249935507774353, 0.32971325516700745, 0.32835400104522705, 0.3259989321231842]
E-Test Loss:  [0.32444337010383606, 0.32924684882164, 0.3257807493209839, 0.3261987566947937, 0.32610848546028137]
Local Test Loss:  [0.26007184386253357, 0.26593172550201416, 0.2639261782169342, 0.26457828283309937, 0.2600058615207672]
Model Complexity:  []
Dataset	k
cic	3

E-F1	E-AUC	E-ACC
0.534	0.808	0.862

F1	AUC	ACC
0.536	0.796	0.861

SIL	NHFD	WDFD	W-NHFD
0.588	1.126	0.601	0.013

Train Loss	E-Train Loss	Test Loss	E-Test Loss
5.712	nan	0.329	0.326

n_clusters 3
alpha 1.0
beta 5.0
gamma 0.0
delta 0.0
cic


Experiment  Run
range(0, 5)
Test F1:  [0.5477881324899888, 0.5392182032014574, 0.5214727164857813, 0.5458481571122278, 0.5427264507839825]
Test AUC:  [0.8096512041976134, 0.7744800220927022, 0.803860499847386, 0.7820721174110841, 0.8042533902123515]
Sil scores:  [0.6104366, 0.58012193, 0.670101, 0.6093983, 0.6181152]
NHFD:  [1.0958518518518527, 1.1059515669515678, 1.125849002849004, 1.1196182336182343, 1.0939373219373227]
WDFD:  [0.5937988768244197, 0.6127742069582466, 0.6059416577925495, 0.5755260087363481, 0.5814155342194335]
Train Loss:  [[9.786, 5.106], [7.841, 3.58], [10.691, 3.719], [9.322, 3.799], [11.488, 3.763], [10.898, 3.676], [11.651, 3.737], [11.373, 3.772], [11.77, 3.681], [11.314, 3.627], [11.487, 3.76], [11.189, 3.746], [11.303, 3.622], [11.23, 3.591], [11.323, 3.681], [11.197, 3.616], [11.51, 3.573], [11.284, 3.691], [11.1, 3.621], [10.876, 3.753], [11.459, 3.662], [11.254, 3.629], [11.143, 3.619], [10.903, 3.676], [11.177, 3.641], [11.003, 3.658], [10.872, 3.68], [10.848, 3.622], [11.108, 3.655], [11.006, 3.721], [11.034, 3.622], [10.828, 3.711], [11.259, 3.669], [10.74, 3.669], [10.855, 3.747], [10.827, 3.749], [10.771, 3.733], [10.53, 3.671], [10.648, 3.739], [10.367, 3.815]]
E-Train Loss:  []
Test Loss:  [0.3286846876144409, 0.3330727815628052, 0.3287883400917053, 0.3385867178440094, 0.33121630549430847]
E-Test Loss:  [0.32755938172340393, 0.33310383558273315, 0.3283958435058594, 0.3372325301170349, 0.3299828767776489]
Local Test Loss:  [0.2661687135696411, 0.27161112427711487, 0.2703113257884979, 0.2758551836013794, 0.26977184414863586]
Model Complexity:  []
Dataset	k
cic	3

E-F1	E-AUC	E-ACC
0.535	0.801	0.861

F1	AUC	ACC
0.539	0.795	0.862

SIL	NHFD	WDFD	W-NHFD
0.618	1.108	0.594	0.017

Train Loss	E-Train Loss	Test Loss	E-Test Loss
7.326	nan	0.332	0.331

n_clusters 3
alpha 1.0
beta 10.0
gamma 0.0
delta 0.0
cic


Experiment  Run
range(0, 5)
Test F1:  [0.5431150744502243, 0.5156386154216956, 0.5342518479041902, 0.5375092562845689, 0.5728807767874939]
Test AUC:  [0.7139426570834726, 0.8007241900553771, 0.788964731617273, 0.8006469746079272, 0.7973507834188457]
Sil scores:  [0.6794482, 0.61881626, 0.6237137, 0.66383404, 0.7377673]
NHFD:  [1.098490028490029, 1.0760370370370376, 1.1277692307692317, 1.139153846153847, 1.1110370370370377]
WDFD:  [0.6155586343193499, 0.6181308744717773, 0.6212134694862155, 0.6684630443183094, 0.5567784006114899]
Train Loss:  [[12.227, 4.492], [9.048, 3.759], [14.313, 3.895], [12.012, 3.969], [15.673, 4.015], [14.739, 3.877], [16.03, 3.824], [15.039, 3.883], [15.916, 3.956], [15.399, 3.85], [15.673, 3.901], [14.979, 3.771], [15.921, 3.758], [15.081, 3.771], [15.366, 3.826], [15.567, 3.918], [16.144, 3.91], [15.274, 3.783], [15.143, 3.796], [15.076, 3.785], [15.385, 3.814], [14.991, 3.883], [15.01, 3.846], [14.758, 3.836], [14.73, 3.783], [14.781, 3.902], [14.892, 3.932], [14.521, 3.775], [14.701, 3.738], [14.048, 3.865], [14.428, 3.869], [14.12, 3.853], [14.21, 3.895], [14.004, 3.821], [14.281, 3.986], [13.987, 3.775], [13.995, 3.856], [13.617, 3.994], [13.916, 4.022], [13.587, 3.83], [13.378, 3.99], [13.259, 3.927], [13.14, 3.976], [13.317, 3.924], [13.122, 3.919], [12.753, 4.023], [12.782, 3.964], [12.669, 4.037], [12.782, 3.934], [12.361, 4.106]]
E-Train Loss:  []
Test Loss:  [0.33286571502685547, 0.3327784538269043, 0.33763566613197327, 0.3321947157382965, 0.3326733410358429]
E-Test Loss:  [0.3312738537788391, 0.3320193290710449, 0.3356242775917053, 0.3305787444114685, 0.33096712827682495]
Local Test Loss:  [0.27658796310424805, 0.2727307975292206, 0.2775048315525055, 0.27569979429244995, 0.2800814211368561]
Model Complexity:  []
Dataset	k
cic	3

E-F1	E-AUC	E-ACC
0.533	0.787	0.861

F1	AUC	ACC
0.541	0.780	0.862

SIL	NHFD	WDFD	W-NHFD
0.665	1.110	0.616	0.014

Train Loss	E-Train Loss	Test Loss	E-Test Loss
9.070	nan	0.334	0.332

