ExpertNet Ablations
n_clusters 2
alpha 1.0
beta 0.5
gamma 1.5
delta 1.0
attention False
cic


Experiment  Run
range(0, 5)
Test F1:  [0.7149033224400871, 0.7183529636143077, 0.6945667184833996, 0.7107880738381497, 0.7122206141795993]
Test AUC:  [0.8559636669525152, 0.8002172933532943, 0.8498168631269895, 0.8535495486984201, 0.8439398591590239]
Sil scores:  [0.2276667, 0.36256936, 0.33615354, 0.33309788, 0.29959536]
NHFD:  [1.0561538461538467, 1.2788547008547022, 1.1908888888888896, 1.0582991452991461, 1.0588119658119672]
WDFD:  [0.4348393278464034, 0.5061807878658653, 0.4992650047875284, 0.5531998479055541, 0.5566509731189896]
Train Loss:  [[18.224, 5.297], [15.178, 3.978], [12.467, 3.484], [11.45, 3.09], [11.37, 3.013], [10.768, 2.763], [10.74, 2.728], [10.411, 2.588], [9.921, 2.393], [9.953, 2.324], [9.805, 2.271], [9.711, 2.2], [9.606, 2.078], [10.212, 2.044], [9.672, 2.013], [9.064, 1.848], [8.719, 1.828], [8.488, 1.752], [8.506, 1.722], [8.518, 1.776], [8.802, 1.805], [8.874, 1.824], [9.063, 1.796], [8.931, 1.695], [8.552, 1.586], [8.816, 1.563], [8.547, 1.497], [8.243, 1.379], [8.292, 1.411], [7.833, 1.19], [7.719, 1.142], [8.046, 1.279], [7.491, 1.065], [7.428, 1.056]]
E-Train Loss:  []
Test Loss:  [0.32882046699523926, 0.3107444941997528, 0.30504393577575684, 0.32186177372932434, 0.3175815939903259]
E-Test Loss:  [0.3214118778705597, 0.306653767824173, 0.310318261384964, 0.3203011155128479, 0.3355945348739624]
Local Test Loss:  [0.17291182279586792, 0.18207666277885437, 0.18602485954761505, 0.1650400012731552, 0.16888175904750824]
Model Complexity:  []
Dataset	k
cic	2

E-F1	E-AUC	E-ACC
0.664	0.840	0.874

F1	AUC	ACC
0.710	0.841	0.873

SIL	NHFD	WDFD	W-NHFD
0.312	1.129	0.510	0.052

Train Loss	E-Train Loss	Test Loss	E-Test Loss
5.896	nan	0.317	0.319

n_clusters 3
alpha 1.0
beta 0.5
gamma 1.5
delta 1.0
attention False
cic


Experiment  Run
range(0, 5)
Test F1:  [0.6903306334282934, 0.7143945163747143, 0.7154722555180221, 0.6882209554725279, 0.7099035379927693]
Test AUC:  [0.8282483176116626, 0.8503498768186508, 0.8073488212380633, 0.8343578763390067, 0.8237130455952676]
Sil scores:  [0.15654042, 0.22811013, 0.16420862, 0.11831263, 0.18419462]
NHFD:  [1.0572478632478644, 1.1414472934472948, 1.0191937321937328, 1.0063190883190891, 0.9514444444444456]
WDFD:  [0.4611373473897377, 0.6067836241563911, 0.4471659976942521, 0.42332336555944877, 0.5693921302743606]
Train Loss:  [[17.817, 4.223], [14.409, 3.121], [11.417, 2.649], [10.683, 2.44], [10.263, 2.339], [10.261, 2.197], [9.776, 2.005], [9.396, 1.922], [9.189, 1.812], [8.932, 1.708], [8.761, 1.662], [8.867, 1.592], [8.621, 1.54], [8.532, 1.51], [8.593, 1.508], [8.314, 1.369], [8.134, 1.343], [8.077, 1.249], [7.897, 1.257], [7.876, 1.267], [8.039, 1.28], [7.875, 1.276], [8.006, 1.23], [8.04, 1.185], [8.141, 1.227], [8.901, 1.167], [7.966, 1.084], [7.523, 1.022], [7.327, 0.947], [7.123, 0.903], [7.128, 0.864], [7.087, 0.837], [6.962, 0.789], [6.899, 0.772], [6.82, 0.751], [7.291, 0.824], [7.122, 0.745], [6.829, 0.691], [6.715, 0.648], [6.669, 0.571], [7.811, 0.975], [7.475, 0.79], [7.291, 0.7], [7.555, 0.746]]
E-Train Loss:  []
Test Loss:  [0.3110029995441437, 0.3241235315799713, 0.32613039016723633, 0.3143500089645386, 0.35450688004493713]
E-Test Loss:  [0.3186653256416321, 0.35634076595306396, 0.31340545415878296, 0.3461526334285736, 0.3337991237640381]
Local Test Loss:  [0.1316623091697693, 0.13428114354610443, 0.13038186728954315, 0.12633179128170013, 0.12493632733821869]
Model Complexity:  []
Dataset	k
cic	3

E-F1	E-AUC	E-ACC
0.666	0.826	0.872

F1	AUC	ACC
0.704	0.829	0.872

SIL	NHFD	WDFD	W-NHFD
0.170	1.035	0.502	0.035

Train Loss	E-Train Loss	Test Loss	E-Test Loss
4.945	nan	0.326	0.334

n_clusters 4
alpha 1.0
beta 0.5
gamma 1.5
delta 1.0
attention False
cic


Experiment  Run
range(0, 5)
Test F1:  [0.6988092607387513, 0.6973538953764638, 0.7095398465702666, 0.7122026093630085, 0.7099080004435837]
Test AUC:  [0.838728724873185, 0.8253109511489658, 0.8276187846106888, 0.8491905095856166, 0.7837599562506359]
Sil scores:  [0.109775655, 0.19214432, 0.12415727, 0.108188234, 0.073311016]
NHFD:  [0.9962435897435911, 0.8454594017094021, 0.9989722222222228, 0.8220064102564106, 0.7928974358974362]
WDFD:  [0.6392329636754613, 0.4348642579513749, 0.5049579764549041, 0.39770537920651955, 0.36298957394122655]
Train Loss:  [[19.47, 4.556], [15.932, 2.976], [11.156, 2.226], [10.336, 2.053], [9.57, 1.935], [9.221, 1.788], [9.141, 1.7], [9.019, 1.622], [8.699, 1.535], [8.712, 1.479], [8.432, 1.413], [8.53, 1.333], [8.216, 1.283], [8.221, 1.282], [8.12, 1.228], [8.019, 1.181], [8.094, 1.173], [7.929, 1.149], [7.727, 1.122], [7.673, 1.042], [7.577, 1.032], [7.44, 1.006], [7.592, 1.014], [7.592, 1.024], [7.526, 0.998], [7.386, 0.936], [7.36, 0.921], [7.274, 0.857], [7.146, 0.848], [7.073, 0.804], [7.173, 0.772], [7.188, 0.738], [7.077, 0.703], [7.032, 0.694], [6.888, 0.654], [6.821, 0.607], [6.843, 0.562], [6.704, 0.506]]
E-Train Loss:  []
Test Loss:  [0.3176327347755432, 0.40614408254623413, 0.4344663619995117, 0.3505966365337372, 0.32257434725761414]
E-Test Loss:  [0.31010302901268005, 0.4270288050174713, 0.43416357040405273, 0.34695225954055786, 0.32947999238967896]
Local Test Loss:  [0.13055987656116486, 0.14969556033611298, 0.14625303447246552, 0.10872326791286469, 0.10029097646474838]
Model Complexity:  []
Dataset	k
cic	4

E-F1	E-AUC	E-ACC
0.668	0.821	0.863

F1	AUC	ACC
0.706	0.825	0.865

SIL	NHFD	WDFD	W-NHFD
0.122	0.891	0.468	0.032

Train Loss	E-Train Loss	Test Loss	E-Test Loss
4.877	nan	0.366	0.370

n_clusters 5
alpha 1.0
beta 0.5
gamma 1.5
delta 1.0
attention False
cic


Experiment  Run
range(0, 5)
Test F1:  [0.6915894812644334, 0.6909636088768616, 0.692802994535481, 0.7109173186469447, 0.6956767465981009]
Test AUC:  [0.8208992238484907, 0.8122619947384486, 0.7768746093806775, 0.8021435916629118, 0.7729538814842807]
Sil scores:  [0.14924572, 0.17106572, 0.10582598, 0.16234127, 0.20656902]
NHFD:  [0.8226615384615389, 0.7677282051282058, 0.8520820512820517, 0.7428717948717953, 0.7825042735042735]
WDFD:  [0.5561948856334951, 0.403558745864071, 0.5574093076852568, 0.4074721351444925, 0.45299818392156893]
Train Loss:  [[23.946, 5.745], [19.211, 3.046], [14.221, 1.972], [13.601, 1.829], [12.312, 1.603], [11.707, 1.45], [10.886, 1.384], [9.883, 1.379], [8.882, 1.322], [8.592, 1.282], [8.593, 1.253], [8.277, 1.22], [8.137, 1.174], [8.097, 1.143], [8.031, 1.161], [7.967, 1.1], [7.926, 1.118], [7.805, 1.077], [7.718, 1.014], [7.737, 1.027], [7.731, 1.032], [7.591, 0.967], [7.591, 0.922], [7.569, 0.899], [7.45, 0.861], [7.405, 0.828], [7.345, 0.815], [7.22, 0.788], [7.227, 0.775], [7.351, 0.822], [7.53, 0.817], [7.351, 0.774], [7.267, 0.716], [7.284, 0.69], [7.275, 0.676], [7.19, 0.616], [7.011, 0.591], [7.194, 0.605], [7.297, 0.607], [7.622, 0.587], [7.595, 0.549], [7.335, 0.536], [7.38, 0.521], [7.278, 0.495], [7.444, 0.432], [7.499, 0.455], [7.137, 0.415], [7.131, 0.406], [7.067, 0.425], [7.263, 0.482]]
E-Train Loss:  []
Test Loss:  [0.3456012010574341, 0.3266628086566925, 0.3463837206363678, 0.427028089761734, 0.7149778604507446]
E-Test Loss:  [0.39779403805732727, 0.3422190845012665, 0.31953004002571106, 0.4999406337738037, 0.6807321906089783]
Local Test Loss:  [0.09531669318675995, 0.11399701237678528, 0.10116569697856903, 0.18188250064849854, 0.252176433801651]
Model Complexity:  []
Dataset	k
cic	5

E-F1	E-AUC	E-ACC
0.666	0.821	0.861

F1	AUC	ACC
0.696	0.797	0.861

SIL	NHFD	WDFD	W-NHFD
0.159	0.794	0.476	0.032

Train Loss	E-Train Loss	Test Loss	E-Test Loss
4.866	nan	0.432	0.448

n_clusters 2
alpha 1.0
beta 0.5
gamma 1.5
delta 1.0
attention False
sepsis


Experiment  Run
range(0, 5)
Test F1:  [0.8191987769497897, 0.8205443121339955, 0.7978284796292744, 0.8250654872965728, 0.821516455113566]
Test AUC:  [0.9029715791652286, 0.8839277037203541, 0.9050327055908797, 0.9047770019365695, 0.8820028656768645]
Sil scores:  [0.2613616, 0.2936361, 0.38966513, 0.40192023, 0.22910239]
NHFD:  [1.3477528089887658, 1.3589662921348336, 1.4737415730337093, 1.438831460674159, 1.243606741573034]
WDFD:  [0.5337862358306211, 0.5696892743290998, 0.679075717140584, 0.6160457780521015, 0.462578684023006]
Train Loss:  [[37.593, 12.108], [28.164, 7.318], [21.692, 6.593], [20.204, 5.96], [19.565, 5.443], [18.4, 4.886], [17.658, 4.341], [17.548, 3.997], [17.111, 3.694], [16.234, 3.344], [15.868, 3.406], [15.591, 3.164], [16.407, 3.075], [17.961, 2.927], [15.04, 2.958], [15.528, 2.874], [15.231, 2.682], [12.916, 2.301], [12.757, 2.24], [13.839, 2.405], [14.987, 2.313], [12.796, 2.11], [12.066, 1.954], [12.469, 2.036], [13.006, 2.06], [11.713, 1.831], [11.725, 1.751], [12.613, 1.898], [11.913, 1.823], [11.357, 1.672], [11.105, 1.645], [11.097, 1.62], [11.201, 1.604], [10.943, 1.563], [10.914, 1.542], [10.564, 1.42], [10.55, 1.424], [10.39, 1.344]]
E-Train Loss:  []
Test Loss:  [0.18093492090702057, 0.17512112855911255, 0.22689427435398102, 0.14934013783931732, 0.162420392036438]
E-Test Loss:  [0.19885635375976562, 0.2211993932723999, 0.3514425456523895, 0.16481734812259674, 0.2360561341047287]
Local Test Loss:  [0.09483352303504944, 0.09680524468421936, 0.13765586912631989, 0.0748802050948143, 0.08273179829120636]
Model Complexity:  []
Dataset	k
sepsis	2

E-F1	E-AUC	E-ACC
0.812	0.900	0.949

F1	AUC	ACC
0.817	0.896	0.951

SIL	NHFD	WDFD	W-NHFD
0.315	1.373	0.572	0.499

Train Loss	E-Train Loss	Test Loss	E-Test Loss
/Users/shivin/miniconda/lib/python3.8/site-packages/numpy/lib/function_base.py:380: RuntimeWarning: Mean of empty slice.
  avg = a.mean(axis)
/Users/shivin/miniconda/lib/python3.8/site-packages/numpy/core/_methods.py:188: RuntimeWarning: invalid value encountered in double_scalars
  ret = ret.dtype.type(ret / rcount)
9.132	nan	0.179	0.234



n_clusters 3
alpha 1.0
beta 0.5
gamma 1.5
delta 1.0
attention False
sepsis


Experiment  Run
range(0, 5)
Test F1:  [0.8252267167421241, 0.8169944174239936, 0.8264103607276123, 0.8134393022004862, 0.8185068604478758]
Test AUC:  [0.908356853096911, 0.9082746600502833, 0.8996962767780963, 0.8907195287926948, 0.8763632640097143]
Sil scores:  [0.2808568, 0.2823787, 0.20558311, 0.27656636, 0.27816224]
NHFD:  [1.2498576779026231, 1.3030374531835223, 1.334910112359552, 1.2455917602996267, 1.3150861423220988]
WDFD:  [0.6381237941838306, 0.7097042830167232, 0.6998770805094855, 0.7134320867200362, 0.6734566075382445]
Train Loss:  [[41.734, 11.134], [27.792, 5.09], [18.26, 4.645], [17.758, 4.39], [16.752, 3.994], [16.161, 3.599], [16.369, 3.318], [15.759, 3.007], [15.568, 2.856], [15.258, 2.721], [15.481, 2.592], [15.08, 2.576], [15.95, 2.446], [16.046, 2.464], [16.456, 2.684], [15.551, 2.482], [16.768, 2.706], [17.685, 2.645], [17.646, 2.506], [17.078, 2.637], [16.133, 2.347], [17.129, 2.35], [17.648, 2.202], [16.935, 2.457], [16.262, 2.116], [15.114, 2.028], [15.449, 1.999], [14.964, 1.933], [16.827, 1.899], [16.154, 1.871], [17.404, 1.884], [15.85, 1.721], [16.204, 1.854], [16.467, 1.683], [13.965, 1.706], [14.982, 1.651], [16.001, 1.674], [14.775, 1.423]]
E-Train Loss:  []
Test Loss:  [0.16428068280220032, 0.18124042451381683, 0.18011300265789032, 0.20899847149848938, 0.17243629693984985]
E-Test Loss:  [0.22180812060832977, 0.2723184823989868, 0.2169702649116516, 0.29663699865341187, 0.34107935428619385]
Local Test Loss:  [0.0891185849905014, 0.10645991563796997, 0.09108322113752365, 0.1281479001045227, 0.10036561638116837]
Model Complexity:  []
Dataset	k
sepsis	3

E-F1	E-AUC	E-ACC
0.808	0.900	0.947

F1	AUC	ACC
0.820	0.897	0.951

SIL	NHFD	WDFD	W-NHFD
0.265	1.290	0.687	0.339

Train Loss	E-Train Loss	Test Loss	E-Test Loss
9.983	nan	0.181	0.270

n_clusters 4
alpha 1.0
beta 0.5
gamma 1.5
delta 1.0
attention False
sepsis


Experiment  Run
range(0, 5)
Test F1:  [0.7933080000788248, 0.8095076745033138, 0.8116455705386383, 0.7985436840053781, 0.8101724431843281]
Test AUC:  [0.8792801395384473, 0.8979822077762009, 0.8824804181402879, 0.9020098118945142, 0.8788474492709586]
Sil scores:  [0.21952379, 0.2072809, 0.22590907, 0.202427, 0.16995995]
NHFD:  [1.330539325842698, 1.3592752808988775, 1.316620786516855, 1.1834410112359561, 1.29728370786517]
WDFD:  [0.7650091136487417, 0.7915298295260946, 0.8061465256522462, 0.691679655071507, 0.7497120216774835]
Train Loss:  [[34.338, 7.599], [25.412, 4.257], [17.195, 3.908], [17.557, 3.593], [16.248, 3.355], [16.099, 3.148], [16.151, 2.779], [15.593, 2.639], [16.476, 2.562], [15.87, 2.466], [16.824, 2.483], [16.315, 2.339], [16.987, 2.268], [16.644, 2.195], [16.711, 2.153], [16.87, 2.089], [16.911, 2.012], [16.39, 1.994], [16.912, 2.004], [16.613, 1.975], [16.223, 1.8], [16.153, 1.704], [16.199, 1.691], [16.421, 1.686], [16.222, 1.592], [15.728, 1.512], [16.498, 1.473], [16.156, 1.557], [16.129, 1.583], [15.555, 1.449], [15.982, 1.474], [15.778, 1.356]]
E-Train Loss:  []
Test Loss:  [0.2173318713903427, 0.18011657893657684, 0.19313444197177887, 0.22537405788898468, 0.20117416977882385]
E-Test Loss:  [0.22639650106430054, 0.1873176544904709, 0.30769720673561096, 0.24658450484275818, 0.2174530178308487]
Local Test Loss:  [0.11467296630144119, 0.08609039336442947, 0.10567846894264221, 0.10703997313976288, 0.10492874681949615]
Model Complexity:  []
Dataset	k
sepsis	4

E-F1	E-AUC	E-ACC
0.804	0.898	0.944

F1	AUC	ACC
0.805	0.888	0.945

SIL	NHFD	WDFD	W-NHFD
0.205	1.297	0.761	0.222

Train Loss	E-Train Loss	Test Loss	E-Test Loss
9.810	nan	0.203	0.237

n_clusters 5
alpha 1.0
beta 0.5
gamma 1.5
delta 1.0
attention False
sepsis


Experiment  Run
range(0, 5)
Test F1:  [0.8066441277997796, 0.7995751594036554, 0.7853669639292593, 0.813110098579696, 0.8062155265776556]
Test AUC:  [0.8636292799584964, 0.9033670472071961, 0.8722095098586033, 0.9027257241931576, 0.9034956594105534]
Sil scores:  [0.18147463, 0.16694494, 0.17889804, 0.191788, 0.2758225]
NHFD:  [1.1677033707865179, 1.2354202247191022, 1.3018943820224729, 1.2238359550561806, 1.2331415730337087]
WDFD:  [0.6232632581726631, 0.8053123347633144, 0.761682676763396, 0.8100235632725277, 0.8154618031046115]
Train Loss:  [[34.835, 5.802], [26.813, 3.607], [16.593, 3.356], [16.168, 3.216], [16.541, 3.041], [16.458, 2.874], [15.921, 2.798], [15.742, 2.644], [16.294, 2.531], [16.029, 2.425], [16.029, 2.319], [16.136, 2.268], [16.623, 2.181], [16.138, 2.087], [16.861, 2.121], [16.29, 2.037], [16.76, 1.992], [16.806, 1.962], [17.147, 1.963], [16.995, 1.929], [17.253, 1.868], [16.931, 1.82], [17.175, 1.775], [17.556, 1.743], [17.344, 1.682], [16.596, 1.634], [16.824, 1.604], [16.931, 1.557], [17.131, 1.532], [16.902, 1.536], [17.486, 1.453], [16.841, 1.392], [16.76, 1.405], [16.641, 1.376], [16.982, 1.371], [16.582, 1.281], [16.115, 1.153], [16.662, 1.26], [16.767, 1.204], [18.169, 1.436], [16.474, 1.19], [16.542, 1.231], [16.455, 1.167], [16.527, 1.135], [15.948, 1.02], [16.495, 1.081], [16.774, 1.39], [17.497, 1.233], [19.208, 1.465], [17.243, 1.208]]
E-Train Loss:  []
Test Loss:  [0.23607565462589264, 0.1721878945827484, 0.2334141731262207, 0.23703788220882416, 0.23007091879844666]
E-Test Loss:  [0.9658743739128113, 0.19014307856559753, 0.24931778013706207, 0.38193628191947937, 0.2568005621433258]
Local Test Loss:  [0.10907142609357834, 0.07715839892625809, 0.10788117349147797, 0.11276205629110336, 0.1189778745174408]
Model Complexity:  []
Dataset	k
sepsis	5

E-F1	E-AUC	E-ACC
0.785	0.898	0.934

F1	AUC	ACC
0.802	0.889	0.945

SIL	NHFD	WDFD	W-NHFD
0.199	1.232	0.763	0.253

Train Loss	E-Train Loss	Test Loss	E-Test Loss
9.613	nan	0.222	0.409

n_clusters 5
alpha 1.0
beta 0.5
gamma 1.5
delta 1.0
attention False
cic


Experiment  Run
range(0, 5)
Test F1:  [0.7147499044011225, 0.7149330385768636, 0.7062073121735637, 0.7052755673445328, 0.6953044294371769]
Test AUC:  [0.8388926941468875, 0.8283627781572942, 0.8249412254182352, 0.7992661807241175, 0.8194975363730178]
Sil scores:  [0.12511806, 0.1296356, 0.06472854, 0.09572481, 0.06475182]
NHFD:  [0.8655606837606843, 0.8296222222222228, 0.8507743589743593, 0.8612427350427356, 0.8710547008547014]
WDFD:  [0.5917745336933707, 0.5379235874042763, 0.5792092423949866, 0.5433964757361174, 0.5685728508947647]
Train Loss:  [[16.162, 3.205], [13.895, 2.259], [11.24, 2.012], [10.477, 1.791], [9.245, 1.643], [9.112, 1.579], [9.104, 1.486], [8.739, 1.416], [8.701, 1.386], [8.542, 1.31], [8.495, 1.318], [8.29, 1.251], [8.306, 1.236], [8.232, 1.183], [8.348, 1.148], [8.121, 1.13], [8.229, 1.155], [8.297, 1.082], [8.192, 1.06], [7.996, 1.045], [8.107, 1.007], [8.034, 0.974], [7.755, 0.946], [7.67, 0.901], [7.692, 0.89], [7.674, 0.91], [7.803, 0.929], [7.677, 0.875], [7.981, 0.855], [7.949, 0.856], [7.681, 0.759], [7.681, 0.756], [7.875, 0.864], [7.557, 0.769]]
E-Train Loss:  []
Test Loss:  [0.411918044090271, 0.34948262572288513, 0.3300105333328247, 0.38913586735725403, 0.33034589886665344]
E-Test Loss:  [0.38136082887649536, 0.3242901563644409, 0.3500591516494751, 0.4320867657661438, 0.3475438356399536]
Local Test Loss:  [0.15336626768112183, 0.11335191130638123, 0.09899747371673584, 0.11090953648090363, 0.1017444059252739]
Model Complexity:  []
Dataset	k
cic	5

E-F1	E-AUC	E-ACC
0.652	0.827	0.862

F1	AUC	ACC
0.707	0.822	0.869

SIL	NHFD	WDFD	W-NHFD
0.096	0.856	0.564	0.039

Train Loss	E-Train Loss	Test Loss	E-Test Loss
4.983	nan	0.362	0.367

