DCN
CIC
k = 1
n_clusters 1
alpha 1.0
beta 0.0
gamma 0.0
delta 0.1
cic


Experiment  Run
range(0, 5)
Test F1:  [0.6638933646807662, 0.6519284296935046, 0.6396921641791045, 0.622359306189586, 0.6213461809242198]
Test AUC:  [0.8068973379747386, 0.8246600703478147, 0.8270846353977412, 0.8253204895277686, 0.8206321492420168]
Sil scores:  [0, 0, 0, 0, 0]
NHFD:  [0, 0, 0, 0, 0]
WDFD:  [0, 0, 0, 0, 0]
Train Loss:  [[6.973, 10.18], [6.047, 7.016], [5.782, 6.401], [5.659, 5.824], [5.679, 5.367], [5.573, 5.061], [5.569, 4.886], [5.543, 4.689], [5.516, 4.485], [5.503, 4.47], [5.507, 4.379], [5.441, 4.231], [5.459, 4.386], [5.46, 4.324], [5.442, 4.168], [5.46, 4.161], [5.416, 4.151], [5.438, 4.119], [5.362, 4.063], [5.37, 3.94], [5.318, 3.928], [5.29, 3.946], [5.261, 3.944], [5.258, 3.882], [5.233, 3.786], [5.2, 3.836], [5.25, 3.758], [5.23, 3.808], [5.175, 3.816], [5.138, 3.636], [5.131, 3.622], [5.224, 3.636]]
E-Train Loss:  []
Test Loss:  [0.3461744785308838, 0.32394182682037354, 0.32316654920578003, 0.32047396898269653, 0.3300483822822571]
E-Test Loss:  [0.3461744785308838, 0.32394182682037354, 0.32316654920578003, 0.32047396898269653, 0.3300483822822571]
Local Test Loss:  [0.3461744785308838, 0.32394182682037354, 0.32316654920578003, 0.32047396898269653, 0.3300483822822571]
Model Complexity:  []
Dataset	k
cic	1

E-F1	E-AUC	E-ACC
0.640	0.821	0.866

F1	AUC	ACC
0.640	0.821	0.866

SIL	NHFD	WDFD	W-NHFD
0.000	0.000	0.000	nan

Train Loss	E-Train Loss	Test Loss	E-Test Loss
5.013	nan	0.329	0.329

k = 2
n_clusters 2
alpha 1.0
beta 0.0
gamma 0.0
delta 0.1
cic


Experiment  Run
range(0, 5)
Test F1:  [0.6254442971943437, 0.6589070065432321, 0.6244005584670484, 0.638793309793783, 0.4615936826992103]
Test AUC:  [0.8223912988183311, 0.6935241675266348, 0.7988278695077107, 0.8177397494222467, 0.5191996210084155]
Sil scores:  [0.27522025, 0.282406, 0.29967174, 0.43115264]
NHFD:  [0.6473138367476293, 0.609062527665574, 0.6105872206457023, 0.5122943501692099]
WDFD:  [0.4626212880801052, 0.47354009212831694, 0.4857068835942298, 0.5518489116927626]
Train Loss:  [[7.522, 5.866], [6.508, 5.372], [6.061, 3.897], [5.773, 2.728], [5.692, 2.57], [5.689, 2.128], [5.621, 2.119], [5.666, 1.988], [5.628, 2.008], [5.579, 1.914], [5.577, 1.879], [5.581, 1.848], [5.51, 1.852], [5.481, 1.903], [5.51, 1.889], [5.43, 1.881]]
E-Train Loss:  []
Test Loss:  [0.3238164186477661, 0.3533106744289398, 0.3232761025428772, 0.3346124291419983, 0.3898232877254486]
E-Test Loss:  [0.3196975290775299, 0.34850451350212097, 0.31922703981399536, 0.32652637362480164, 0.3851758539676666]
Local Test Loss:  [0.2426845133304596, 0.26196831464767456, 0.243727907538414, 0.2488453984260559, 0.30091971158981323]
Model Complexity:  []
Dataset	k
cic	2

E-F1	E-AUC	E-ACC
0.596	0.761	0.865

F1	AUC	ACC
0.602	0.730	0.864

SIL	NHFD	WDFD	W-NHFD
0.322	0.595	0.493	nan

Train Loss	E-Train Loss	Test Loss	E-Test Loss
4.208	nan	0.345	0.340

k = 3
n_clusters 3
alpha 1.0
beta 0.0
gamma 0.0
delta 0.1
cic


Experiment  Run
range(0, 5)
Test F1:  [0.6324370005701568, 0.6729065137597056, 0.5993204101120471, 0.6198115955240041, 0.4997594308480092]
Test AUC:  [0.8112345750788507, 0.8148060166276654, 0.8183084184822895, 0.8216754661996193, 0.7999861012194591]
Sil scores:  [0.20568258, 0.22367068, 0.20955639, 0.20885268, 0.27239156]
NHFD:  [0.3839433148467704, 0.4335743388922413, 0.4008382554273533, 0.3912617923654092, 0.3623128283626856]
WDFD:  [0.509209207782749, 0.5126975374697683, 0.5099056188103661, 0.5016137852575399, 0.5200678317458586]
Train Loss:  [[7.75, 5.839], [6.762, 3.699], [6.328, 2.854], [6.134, 1.958], [6.002, 1.539], [5.906, 1.253], [5.807, 1.202], [5.717, 1.138], [5.723, 1.097], [5.633, 1.121], [5.585, 1.129], [5.587, 1.187], [5.561, 1.138], [5.614, 1.092], [5.556, 1.075], [5.553, 1.089], [5.571, 1.099], [5.529, 1.132], [5.485, 1.106], [5.467, 1.064], [5.427, 1.099], [5.424, 1.096], [5.47, 1.11], [5.373, 1.06], [5.323, 1.052], [5.346, 1.108], [5.337, 1.088], [5.349, 1.086], [5.383, 1.078], [5.292, 1.053], [5.33, 1.061], [5.268, 1.094], [5.222, 1.03], [5.223, 1.106], [5.181, 1.034], [5.175, 1.052], [5.143, 1.068], [5.164, 1.03]]
E-Train Loss:  []
Test Loss:  [0.3222731947898865, 0.3281415104866028, 0.32712480425834656, 0.3233778178691864, 0.33255696296691895]
E-Test Loss:  [0.318391889333725, 0.3193507194519043, 0.3204946219921112, 0.3167058825492859, 0.324698269367218]
Local Test Loss:  [0.17907220125198364, 0.19219081103801727, 0.19218766689300537, 0.19415077567100525, 0.20661747455596924]
Model Complexity:  []
Dataset	k
cic	3

E-F1	E-AUC	E-ACC
0.599	0.828	0.866

F1	AUC	ACC
0.605	0.813	0.866

SIL	NHFD	WDFD	W-NHFD
0.224	0.394	0.511	nan

Train Loss	E-Train Loss	Test Loss	E-Test Loss
3.484	nan	0.327	0.320

k = 4
n_clusters 4
alpha 1.0
beta 0.0
gamma 0.0
delta 0.1
cic


Experiment  Run
range(0, 5)
Test F1:  [0.4615936826992103, 0.5193958645048934, 0.6198115955240041, 0.5415290754469342, 0.46641058828441395]
Test AUC:  [0.7729407094373628, 0.7725946025493815, 0.8027476889870787, 0.7872182998793622, 0.7758303840060463]
Sil scores:  [0.19649206, 0.1856279, 0.1705087, 0.10731766]
NHFD:  [0.19343892371448493, 0.20044446939750868, 0.23525247322952095, 0.24199815577365327]
WDFD:  [0.501567068718459, 0.49553304343529486, 0.4950743194040983, 0.5307925639677449]
Train Loss:  [[7.595, 2.595], [6.592, 2.161], [6.202, 1.842], [6.095, 1.54], [5.967, 1.406], [5.917, 1.277], [5.925, 1.177], [5.782, 1.118], [5.702, 1.06], [5.643, 1.025], [5.669, 1.043], [5.644, 1.059], [5.582, 1.067], [5.6, 1.095], [5.628, 1.066], [5.6, 1.045], [5.533, 1.044], [5.505, 1.048], [5.579, 1.012], [5.453, 1.049], [5.429, 1.039], [5.397, 1.032], [5.368, 1.038], [5.432, 1.023], [5.369, 1.015], [5.364, 1.001], [5.31, 1.011], [5.286, 0.988], [5.297, 0.988], [5.252, 1.015], [5.293, 0.996], [5.263, 1.023], [5.237, 1.016], [5.181, 0.974], [5.172, 0.999], [5.159, 0.975], [5.14, 0.972], [5.092, 0.982], [5.12, 0.963], [5.078, 0.951], [5.077, 0.936], [5.035, 0.941], [5.094, 0.939], [5.18, 0.969], [5.121, 0.957], [5.055, 0.966], [4.999, 0.927], [5.027, 0.915], [5.012, 0.917], [5.034, 0.9]]
E-Train Loss:  []
Test Loss:  [0.3353002369403839, 0.33225393295288086, 0.3257025480270386, 0.3418959677219391, 0.3313368856906891]
E-Test Loss:  [0.32386165857315063, 0.32294705510139465, 0.31677335500717163, 0.3269977271556854, 0.3221701383590698]
Local Test Loss:  [0.16655892133712769, 0.1485767513513565, 0.14194227755069733, 0.16472364962100983, 0.13227172195911407]
Model Complexity:  []
Dataset	k
cic	4

E-F1	E-AUC	E-ACC
0.529	0.822	0.863

F1	AUC	ACC
0.522	0.782	0.861

SIL	NHFD	WDFD	W-NHFD
0.165	0.218	0.506	nan

Train Loss	E-Train Loss	Test Loss	E-Test Loss
3.282	nan	0.333	0.323

DCN
Sepsis
k = 1
n_clusters 1
alpha 1.0
beta 0.0
gamma 0.0
delta 0.1
sepsis


Experiment  Run
range(0, 5)
Test F1:  [0.7373145155753524, 0.7373772292372044, 0.7241121125317311, 0.7361106585508517, 0.7383202194374299]
Test AUC:  [0.8432941408885857, 0.8265274111275916, 0.8460274398770538, 0.837884317668087, 0.844038223315104]
Sil scores:  [0, 0, 0, 0, 0]
NHFD:  [0, 0, 0, 0, 0]
WDFD:  [0, 0, 0, 0, 0]
Train Loss:  [[11.797, 16.843], [8.758, 12.446], [8.482, 11.515], [8.479, 10.65], [8.462, 9.962], [8.703, 9.556], [8.526, 9.155], [8.399, 8.973], [8.491, 8.672], [8.7, 8.351], [8.146, 7.817], [8.146, 7.527], [8.533, 7.41], [8.396, 7.231], [8.98, 7.278], [8.233, 7.003], [8.253, 6.912], [7.997, 6.785], [7.85, 6.873], [7.708, 6.669], [7.622, 6.532], [7.515, 6.493], [7.478, 6.299], [7.435, 6.451], [7.567, 6.266], [7.482, 6.108], [7.545, 6.088], [7.931, 6.058], [7.756, 5.971], [7.437, 5.861], [7.429, 5.731], [7.543, 5.618], [7.475, 5.583], [7.361, 5.466], [7.814, 5.513], [7.281, 5.429]]
E-Train Loss:  []
Test Loss:  [0.18785549700260162, 0.1868710219860077, 0.18471236526966095, 0.18896175920963287, 0.19064705073833466]
E-Test Loss:  [0.18785549700260162, 0.1868710219860077, 0.18471236526966095, 0.18896175920963287, 0.19064705073833466]
Local Test Loss:  [0.18785549700260162, 0.1868710219860077, 0.18471236526966095, 0.18896175920963287, 0.19064705073833466]
Model Complexity:  []
Dataset	k
sepsis	1

E-F1	E-AUC	E-ACC
0.735	0.840	0.945

F1	AUC	ACC
0.735	0.840	0.945

SIL	NHFD	WDFD	W-NHFD
0.000	0.000	0.000	nan

Train Loss	E-Train Loss	Test Loss	E-Test Loss
7.845	nan	0.188	0.188

k = 2
n_clusters 2
alpha 1.0
beta 0.0
gamma 0.0
delta 0.1
sepsis


Experiment  Run
range(0, 5)
Test F1:  [0.6551952551952551, 0.7110954808509273, 0.7041975276444815, 0.7166244004663241, 0.7124126763144307]
Test AUC:  [0.8358762727430332, 0.836622600089768, 0.8346275177685435, 0.8267365145832191, 0.8043031354873077]
Sil scores:  [0.24774827, 0.22833893, 0.22406694, 0.26572126, 0.25707972]
NHFD:  [0.6070604049214804, 0.734959310556744, 0.6901979511443597, 0.6852088410312696, 0.7023323194874133]
WDFD:  [0.6265717494589421, 0.624007456650511, 0.5814628641776012, 0.6323438228803984, 0.6520008014999605]
Train Loss:  [[13.417, 12.857], [9.065, 6.385], [8.74, 5.63], [8.585, 5.258], [8.689, 4.959], [8.657, 4.697], [9.162, 4.529], [8.581, 4.473], [8.628, 4.233], [8.362, 4.103], [8.241, 4.012], [8.342, 3.759], [8.507, 3.516], [8.325, 3.376], [8.352, 3.274], [8.366, 3.137], [8.633, 3.044], [8.626, 2.994], [8.306, 2.964], [8.067, 2.945], [7.977, 2.891], [7.946, 2.821], [7.944, 2.856], [7.79, 2.792], [7.804, 2.728], [7.845, 2.706], [7.791, 2.682], [7.652, 2.667], [7.528, 2.623], [7.493, 2.593], [7.63, 2.532], [7.428, 2.509], [7.567, 2.489], [7.803, 2.458], [7.532, 2.464], [7.348, 2.367], [7.436, 2.356], [7.435, 2.354], [7.685, 2.353], [7.541, 2.354], [7.559, 2.25], [7.282, 2.197], [7.24, 2.221], [7.367, 2.237], [7.731, 2.147], [7.412, 2.125], [7.451, 2.146], [7.229, 2.155], [7.2, 2.038], [7.348, 2.06]]
E-Train Loss:  []
Test Loss:  [0.19350740313529968, 0.18971528112888336, 0.18889449536800385, 0.19727644324302673, 0.19794104993343353]
E-Test Loss:  [0.18514521420001984, 0.18294468522071838, 0.18002553284168243, 0.18876561522483826, 0.1874615103006363]
Local Test Loss:  [0.13714854419231415, 0.13351134955883026, 0.13485103845596313, 0.1420464962720871, 0.1414807289838791]
Model Complexity:  []
Dataset	k
sepsis	2

E-F1	E-AUC	E-ACC
0.710	0.841	0.944

F1	AUC	ACC
0.700	0.828	0.942

SIL	NHFD	WDFD	W-NHFD
0.245	0.684	0.623	nan

Train Loss	E-Train Loss	Test Loss	E-Test Loss
5.660	nan	0.193	0.185

k = 3
n_clusters 3
alpha 1.0
beta 0.0
gamma 0.0
delta 0.1
sepsis


Experiment  Run
range(0, 5)
Test F1:  [0.6828381163551548, 0.6675074020208847, 0.717570562735218, 0.5781523448917393, 0.6449615931765232]
Test AUC:  [0.7948128076898511, 0.8174072417070837, 0.8067210593937817, 0.7710614431766518, 0.8089751041244688]
Sil scores:  [0.15941161, 0.32468387, 0.13901623]
NHFD:  [0.4536915047703333, 0.6084331586256595, 0.49268669436440415]
WDFD:  [0.620295654718371, 0.9110817442349731, 0.6290266532974625]
Train Loss:  [[13.507, 10.366], [9.764, 4.379], [8.99, 3.507], [9.095, 3.384], [8.836, 3.276], [8.937, 3.149], [8.548, 3.067], [8.658, 3.015], [8.443, 2.963], [8.439, 2.944], [8.464, 2.908], [8.509, 2.793], [8.616, 2.649], [8.142, 2.551], [8.391, 2.508], [9.114, 2.431], [8.833, 2.385], [9.016, 2.422], [8.158, 2.36], [8.06, 2.303], [7.843, 2.271], [7.971, 2.268], [7.931, 2.245], [7.881, 2.232], [7.668, 2.188], [7.67, 2.17], [7.632, 2.11], [7.563, 2.093], [7.641, 2.079], [7.641, 2.083], [7.86, 2.017], [7.654, 2.028], [7.75, 2.041], [7.517, 2.01], [7.702, 2.017], [7.47, 1.981]]
E-Train Loss:  []
Test Loss:  [0.1993410885334015, 0.19737616181373596, 0.20449373126029968, 0.21670623123645782, 0.2011900246143341]
E-Test Loss:  [0.17868223786354065, 0.18980887532234192, 0.18330100178718567, 0.19893598556518555, 0.1911712884902954]
Local Test Loss:  [0.08721699565649033, 0.11452403664588928, 0.08667300641536713, 0.11906509846448898, 0.09070537239313126]
Model Complexity:  []
Dataset	k
sepsis	3

E-F1	E-AUC	E-ACC
0.661	0.842	0.940

F1	AUC	ACC
0.658	0.800	0.938

SIL	NHFD	WDFD	W-NHFD
0.208	0.518	0.720	nan

Train Loss	E-Train Loss	Test Loss	E-Test Loss
5.571	nan	0.204	0.188

k = 4
n_clusters 4
alpha 1.0
beta 0.0
gamma 0.0
delta 0.1
sepsis


Experiment  Run
range(0, 5)
Test F1:  [0.7056936432461113, 0.6176458219003012, 0.7204034056331459, 0.5839166474562099, 0.5672678989166776]
Test AUC:  [0.8104195292416789, 0.7649824526897548, 0.8185305708165875, 0.7851240217035991, 0.7886614728385655]
Sil scores:  [0.07077754, 0.20408762, 0.25037837, 0.06864329]
NHFD:  [0.5002691244290196, 0.4636214001648293, 0.4888561446547413, 0.5002314813020986]
WDFD:  [0.6566191801838205, 0.6579197346217526, 0.6983918806120398, 0.659942650858199]
Train Loss:  [[13.789, 7.961], [9.314, 3.219], [9.087, 2.601], [8.813, 2.457], [8.887, 2.372], [8.697, 2.26], [8.474, 2.206], [8.53, 2.165], [8.51, 2.126], [8.539, 2.078], [8.376, 2.006], [8.308, 1.959], [8.237, 1.877], [8.276, 1.849], [8.265, 1.803], [8.432, 1.664], [8.21, 1.582], [8.221, 1.545], [8.378, 1.563], [8.508, 1.565], [8.497, 1.518], [8.209, 1.456], [8.586, 1.512], [8.349, 1.473], [7.847, 1.452], [7.777, 1.436], [7.615, 1.453], [7.913, 1.429], [7.668, 1.408], [7.863, 1.413], [7.533, 1.384], [7.652, 1.383], [7.452, 1.343], [7.459, 1.347], [7.873, 1.353], [8.177, 1.325], [7.522, 1.335], [7.327, 1.3], [7.373, 1.318], [7.227, 1.296], [7.269, 1.271], [7.197, 1.256], [7.2, 1.231], [7.249, 1.24]]
E-Train Loss:  []
Test Loss:  [0.19726857542991638, 0.21163645386695862, 0.19319386780261993, 0.2116464376449585, 0.20929236710071564]
E-Test Loss:  [0.1830834150314331, 0.1914590746164322, 0.1795196682214737, 0.19092532992362976, 0.1909300833940506]
Local Test Loss:  [0.06647776812314987, 0.07986689358949661, 0.0747174620628357, 0.08311916142702103, 0.0711941197514534]
Model Complexity:  []
Dataset	k
sepsis	4

E-F1	E-AUC	E-ACC
0.685	0.841	0.943

F1	AUC	ACC
0.639	0.794	0.937

SIL	NHFD	WDFD	W-NHFD
0.148	0.488	0.668	nan

Train Loss	E-Train Loss	Test Loss	E-Test Loss
5.005	nan	0.205	0.187

DCN
Kidney
k = 1
n_clusters 1
alpha 1.0
beta 0.0
gamma 0.0
delta 0.1
Loading aki Train


Experiment  Run
range(0, 5)
Test F1:  [0.5777081593174198, 0.5872147145477229, 0.5842358981440383, 0.5783481428320649, 0.33446712018140584]
Test AUC:  [0.6272508577767459, 0.6352496259319453, 0.6295721757861878, 0.6276218623429559, 0.5]
Sil scores:  [0, 0, 0, 0]
NHFD:  [0, 0, 0, 0]
WDFD:  [0, 0, 0, 0]
Train Loss:  [[0.236, 11.156], [0.145, 11.118], [0.127, 11.098], [0.122, 11.088], [0.121, 11.085], [0.119, 11.084], [0.119, 11.084], [0.118, 11.084], [0.117, 11.085], [0.116, 11.086], [0.116, 11.086], [0.115, 11.084], [0.115, 11.087], [0.114, 11.084], [0.114, 11.084], [0.113, 11.084], [0.112, 11.086], [0.112, 11.085], [0.111, 11.086], [0.11, 11.084], [0.11, 11.084], [0.109, 11.085], [0.108, 11.084], [0.108, 11.084], [0.107, 11.082], [0.106, 11.086], [0.106, 11.085], [0.105, 11.087], [0.104, 11.083], [0.104, 11.086], [0.103, 11.084], [0.101, 11.084], [0.101, 11.083], [0.101, 11.085], [0.1, 11.084], [0.099, 11.084], [0.099, 11.082], [0.099, 11.084], [0.099, 11.085], [0.097, 11.082], [0.097, 11.085], [0.096, 11.084], [0.097, 11.084], [0.096, 11.082], [0.094, 11.084], [0.094, 11.082], [0.093, 11.084], [0.094, 11.083], [0.094, 11.084], [0.095, 11.084]]
E-Train Loss:  []
Test Loss:  [0.6658602952957153, 0.664162278175354, 0.6638596057891846, 0.6640388369560242, 0.6933721303939819]
E-Test Loss:  [0.6658602952957153, 0.664162278175354, 0.6638596057891846, 0.6640388369560242, 0.6933721303939819]
Local Test Loss:  [0.6658602952957153, 0.664162278175354, 0.6638596057891846, 0.6640388369560242, 0.6933721303939819]
Model Complexity:  []
Dataset	k
aki	1

E-F1	E-AUC	E-ACC
0.532	0.604	0.567

F1	AUC	ACC
0.532	0.604	0.567

SIL	NHFD	WDFD	W-NHFD
0.000	0.000	0.000	nan

Train Loss	E-Train Loss	Test Loss	E-Test Loss
5.598	nan	0.670	0.670

k = 2
n_clusters 2
alpha 1.0
beta 0.0
gamma 0.0
delta 0.1
Loading aki Train


Experiment  Run
range(0, 5)
Test F1:  [0.5680312246453381, 0.5745332740704485, 0.5724019064080075, 0.5817034347785386, 0.5684228468991674]
Test AUC:  [0.6064077696514718, 0.5465315668291928, 0.588462338441297, 0.6248378769703067, 0.5300213799241544]
Sil scores:  [0.5213603, 0.574829, 0.5321801, 0.5163498, 0.51843613]
NHFD:  [0.36867114300364195, 0.39070847264830816, 0.39941221041834846, 0.3908543218959933, 0.2899263544038]
WDFD:  [0.15213012566099607, 0.15077601944300068, 0.14865311156906724, 0.15077908590816003, 0.1559676086258447]
Train Loss:  [[0.301, 5.888], [0.182, 5.95], [0.177, 5.998], [0.169, 5.761], [0.158, 5.8], [0.183, 5.873], [0.183, 5.714], [0.161, 5.768], [0.17, 5.729], [0.15, 5.692], [0.156, 5.733], [0.147, 5.772], [0.166, 5.778], [0.187, 5.845], [0.165, 5.631], [0.161, 5.875], [0.149, 5.734], [0.158, 5.765], [0.154, 5.841], [0.143, 5.822], [0.144, 5.815], [0.153, 5.821], [0.146, 5.792], [0.15, 5.786], [0.151, 5.799], [0.138, 5.769], [0.159, 5.829], [0.149, 5.876]]
E-Train Loss:  []
Test Loss:  [0.6697437167167664, 0.6667669415473938, 0.6725677847862244, 0.6670698523521423, 0.6773626208305359]
E-Test Loss:  [0.6677993535995483, 0.6666370034217834, 0.6723653078079224, 0.6671070456504822, 0.6766024231910706]
Local Test Loss:  [0.5269141793251038, 0.5022355318069458, 0.5253810286521912, 0.5226872563362122, 0.508766233921051]
Model Complexity:  []
Dataset	k
aki	2

E-F1	E-AUC	E-ACC
0.574	0.603	0.581

F1	AUC	ACC
0.573	0.579	0.577

SIL	NHFD	WDFD	W-NHFD
0.533	0.368	0.152	nan

Train Loss	E-Train Loss	Test Loss	E-Test Loss
2.983	nan	0.671	0.670

k = 3
n_clusters 3
alpha 1.0
beta 0.0
gamma 0.0
delta 0.1
Loading aki Train


Experiment  Run
range(0, 5)
Test F1:  [0.5808063926907387, 0.5709836308556078, 0.5766603671575237, 0.5794813286601055, 0.5780206277332713]
Test AUC:  [0.6006126170575032, 0.5938483541005598, 0.5914804388205248, 0.6175742654077342, 0.6084417646982947]
Sil scores:  [0.4796068, 0.5100644, 0.49381137, 0.44153848, 0.4948255]
NHFD:  [0.23046051337152132, 0.2954737449268587, 0.1383565393811272, 0.24851367010245695, 0.26050332010926813]
WDFD:  [0.17310086373475522, 0.17641617752884461, 0.17254422718655305, 0.17433463262830617, 0.17577576701680173]
Train Loss:  [[0.291, 3.536], [0.205, 3.447], [0.211, 3.528], [0.206, 3.495], [0.209, 3.374], [0.186, 3.434], [0.18, 3.357], [0.203, 3.605], [0.201, 3.353], [0.191, 3.53], [0.179, 3.415], [0.182, 3.45], [0.166, 3.486], [0.182, 3.421], [0.185, 3.469], [0.182, 3.403], [0.179, 3.47], [0.18, 3.389], [0.186, 3.391], [0.181, 3.408], [0.174, 3.496], [0.165, 3.5], [0.169, 3.425], [0.18, 3.449], [0.165, 3.479], [0.17, 3.587], [0.165, 3.33], [0.163, 3.473], [0.167, 3.518], [0.168, 3.47], [0.172, 3.438], [0.166, 3.462], [0.154, 3.562], [0.162, 3.436], [0.158, 3.411], [0.162, 3.473], [0.149, 3.428], [0.155, 3.527], [0.176, 3.392], [0.172, 3.445], [0.171, 3.416], [0.159, 3.44]]
E-Train Loss:  []
Test Loss:  [0.6693613529205322, 0.6692039966583252, 0.6735207438468933, 0.6698806285858154, 0.6679181456565857]
E-Test Loss:  [0.6668102741241455, 0.6668598651885986, 0.6699979305267334, 0.6701267957687378, 0.6671980619430542]
Local Test Loss:  [0.42671769857406616, 0.4243493676185608, 0.43097057938575745, 0.4157974123954773, 0.44229450821876526]
Model Complexity:  []
Dataset	k
aki	3

E-F1	E-AUC	E-ACC
0.577	0.618	0.581

F1	AUC	ACC
0.577	0.602	0.580

SIL	NHFD	WDFD	W-NHFD
0.484	0.235	0.174	nan

Train Loss	E-Train Loss	Test Loss	E-Test Loss
1.817	nan	0.670	0.668

k = 4
n_clusters 4
alpha 1.0
beta 0.0
gamma 0.0
delta 0.1
Loading aki Train


Experiment  Run
range(0, 5)
Test F1:  [0.5686565657194405, 0.5751645415907711, 0.5697700778628061, 0.5687525061978089, 0.5750176474674068]
Test AUC:  [0.5770864774398267, 0.553137092717282, 0.5892053149910997, 0.5861976949668499, 0.6104079599102237]
Sil scores:  [0.3641144, 0.37956676, 0.3741575, 0.387343, 0.35073426]
NHFD:  [0.18223082096039403, 0.21884021933524708, 0.17744883609233422, 0.17717537625027627, 0.18053558351197876]
WDFD:  [0.18550845765495597, 0.20185298966326926, 0.18938737700543137, 0.18793425379559922, 0.1893354373396403]
Train Loss:  [[0.468, 2.548], [0.244, 2.429], [0.211, 2.495], [0.204, 2.458], [0.192, 2.374], [0.192, 2.442], [0.2, 2.505], [0.197, 2.453], [0.204, 2.448], [0.194, 2.492], [0.185, 2.46], [0.198, 2.47], [0.179, 2.48], [0.19, 2.47], [0.187, 2.464], [0.199, 2.507], [0.197, 2.486], [0.189, 2.456], [0.183, 2.45], [0.169, 2.48], [0.166, 2.504], [0.158, 2.502], [0.154, 2.498], [0.175, 2.516], [0.164, 2.509], [0.155, 2.532], [0.151, 2.547], [0.148, 2.535], [0.159, 2.549], [0.146, 2.559], [0.146, 2.56], [0.146, 2.565], [0.142, 2.568], [0.14, 2.577], [0.137, 2.573], [0.137, 2.585], [0.139, 2.584], [0.14, 2.585], [0.135, 2.587], [0.136, 2.605], [0.132, 2.594], [0.126, 2.597], [0.13, 2.593], [0.132, 2.602], [0.126, 2.598], [0.123, 2.605], [0.123, 2.609], [0.123, 2.608], [0.12, 2.597], [0.121, 2.61]]
E-Train Loss:  []
Test Loss:  [0.6718108057975769, 0.675731360912323, 0.6727963089942932, 0.6684996485710144, 0.6686159372329712]
E-Test Loss:  [0.669866681098938, 0.6698137521743774, 0.6683474183082581, 0.6683881878852844, 0.6688534021377563]
Local Test Loss:  [0.19531551003456116, 0.2197188287973404, 0.19926223158836365, 0.20151856541633606, 0.19095772504806519]
Model Complexity:  []
Dataset	k
aki	4

E-F1	E-AUC	E-ACC
0.574	0.623	0.581

F1	AUC	ACC
0.571	0.583	0.574

SIL	NHFD	WDFD	W-NHFD
0.371	0.187	0.191	nan

Train Loss	E-Train Loss	Test Loss	E-Test Loss
1.348	nan	0.671	0.669

DCN
Respiratory
k = 1
n_clusters 1
alpha 1.0
beta 0.0
gamma 0.0
delta 0.1
Loading ards Train


Experiment  Run
range(0, 5)
Test F1:  [0.4813105676049838, 0.5499500783586213, 0.5141159456740443, 0.5583538175046554, 0.48135843484680696]
Test AUC:  [0.7204499531145598, 0.7340803050780538, 0.7286549051281661, 0.6586927409190306, 0.5]
Sil scores:  [0, 0, 0]
NHFD:  [0, 0, 0]
WDFD:  [0, 0, 0]
Train Loss:  [[0.241, 19.757], [0.122, 18.595], [0.108, 17.537], [0.104, 16.561], [0.103, 15.668], [0.102, 14.465], [0.102, 13.105], [0.101, 11.985], [0.1, 11.061], [0.099, 10.303], [0.099, 9.545], [0.098, 8.863], [0.097, 8.343], [0.097, 7.965], [0.095, 7.666], [0.095, 7.448], [0.094, 7.238], [0.093, 7.098], [0.092, 6.994], [0.092, 6.937], [0.091, 6.878], [0.091, 6.856], [0.09, 6.864], [0.09, 6.852], [0.088, 6.813], [0.088, 6.821], [0.087, 6.82], [0.088, 6.828], [0.086, 6.836], [0.086, 6.806], [0.085, 6.834], [0.086, 6.814], [0.084, 6.806], [0.084, 6.814], [0.084, 6.812], [0.083, 6.815]]
E-Train Loss:  []
Test Loss:  [0.22874993085861206, 0.22835777699947357, 0.22889100015163422, 0.22919544577598572, 0.25876760482788086]
E-Test Loss:  [0.22874993085861206, 0.22835777699947357, 0.22889100015163422, 0.22919544577598572, 0.25876760482788086]
Local Test Loss:  [0.22874993085861206, 0.22835777699947357, 0.22889100015163422, 0.22919544577598572, 0.25876760482788086]
Model Complexity:  []
Dataset	k
ards	1

E-F1	E-AUC	E-ACC
0.517	0.668	0.926

F1	AUC	ACC
0.517	0.668	0.926

SIL	NHFD	WDFD	W-NHFD
0.000	0.000	0.000	nan

Train Loss	E-Train Loss	Test Loss	E-Test Loss
4.721	nan	0.235	0.235

k = 2
n_clusters 2
alpha 1.0
beta 0.0
gamma 0.0
delta 0.1
Loading ards Train


Experiment  Run
range(0, 5)
Test F1:  [0.49318785754912653, 0.5151094276094276, 0.5045992647847125, 0.5108420598555071, 0.5394861515144107]
Test AUC:  [0.6499598531555609, 0.6475829559087043, 0.6805843975885318, 0.716801264578145, 0.6897607513818866]
Sil scores:  [0.3262906, 0.46389273, 0.6247293, 0.42776474, 0.620436]
NHFD:  [0.482822346338027, 0.2767461925049082, 0.3880079774522251, 0.2767461925049082, 0.387760936028676]
WDFD:  [0.14989787438600585, 0.14865647472805454, 0.15449991127630136, 0.14865647472805454, 0.1545181989370705]
Train Loss:  [[0.73, 8.042], [0.338, 3.835], [0.247, 3.646], [0.204, 3.47], [0.193, 3.301], [0.202, 3.176], [0.173, 3.222], [0.167, 3.205], [0.153, 3.259], [0.173, 3.204], [0.168, 3.179], [0.16, 3.187], [0.164, 3.282], [0.145, 3.288], [0.148, 3.224], [0.152, 3.187], [0.157, 3.175], [0.163, 3.195], [0.15, 3.268], [0.152, 3.203], [0.148, 3.316], [0.146, 3.218], [0.149, 3.201], [0.142, 3.261], [0.144, 3.268], [0.141, 3.218], [0.143, 3.282], [0.143, 3.201], [0.141, 3.222], [0.133, 3.264], [0.138, 3.26], [0.147, 3.189], [0.138, 3.237], [0.13, 3.311], [0.142, 3.246], [0.14, 3.252], [0.14, 3.224], [0.137, 3.199], [0.136, 3.224], [0.138, 3.186], [0.144, 3.253], [0.143, 3.19], [0.129, 3.227], [0.13, 3.24], [0.131, 3.259], [0.138, 3.201], [0.142, 3.174], [0.131, 3.191], [0.136, 3.157], [0.136, 3.178]]
E-Train Loss:  []
Test Loss:  [0.23444651067256927, 0.22973835468292236, 0.22998782992362976, 0.22983556985855103, 0.23232829570770264]
E-Test Loss:  [0.23196281492710114, 0.22938042879104614, 0.22951354086399078, 0.22935758531093597, 0.23028460144996643]
Local Test Loss:  [0.14812397956848145, 0.15036070346832275, 0.17418304085731506, 0.14818412065505981, 0.17833970487117767]
Model Complexity:  []
Dataset	k
ards	2

E-F1	E-AUC	E-ACC
0.503	0.696	0.927

F1	AUC	ACC
0.513	0.677	0.927

SIL	NHFD	WDFD	W-NHFD
0.493	0.362	0.151	nan

Train Loss	E-Train Loss	Test Loss	E-Test Loss
1.757	nan	0.231	0.230

k = 3
n_clusters 3
alpha 1.0
beta 0.0
gamma 0.0
delta 0.1
Loading ards Train


Experiment  Run
range(0, 5)
Test F1:  [0.5044965614530066, 0.48381804772605125, 0.48853386222702017, 0.5300751724848111, 0.5001923247107024]
Test AUC:  [0.6339762127573954, 0.6432316975946061, 0.664330382904088, 0.658647184216121, 0.5795189876541336]
Sil scores:  [0.3246062, 0.2353168, 0.40689933, 0.35399243]
NHFD:  [0.1947180642289558, 0.14822813917700292, 0.16792744660426062, 0.16922449436820095]
WDFD:  [0.18364536955904198, 0.1884567008484073, 0.18484230436319274, 0.18477922725478124]
Train Loss:  [[0.403, 4.126], [0.224, 2.581], [0.226, 2.362], [0.224, 2.315], [0.214, 2.241], [0.196, 2.146], [0.195, 2.1], [0.181, 2.081], [0.191, 2.139], [0.206, 2.096], [0.183, 2.096], [0.177, 2.083], [0.194, 2.086], [0.174, 2.075], [0.186, 2.077], [0.193, 2.097], [0.173, 2.054], [0.178, 2.034], [0.176, 2.058], [0.169, 2.043], [0.172, 2.064], [0.17, 2.028], [0.171, 2.067], [0.17, 2.052], [0.178, 2.047], [0.157, 2.019], [0.168, 2.02], [0.147, 2.048], [0.16, 2.024], [0.155, 2.047], [0.165, 2.026], [0.173, 2.046], [0.157, 2.024], [0.162, 2.024], [0.169, 2.017], [0.172, 2.0], [0.138, 1.999], [0.124, 1.989], [0.123, 1.977], [0.13, 1.981], [0.127, 1.97], [0.114, 1.951], [0.111, 1.955], [0.115, 1.977], [0.108, 1.961], [0.104, 1.977], [0.099, 1.971], [0.101, 1.967], [0.098, 2.009], [0.099, 2.02]]
E-Train Loss:  []
Test Loss:  [0.24686728417873383, 0.24005112051963806, 0.23104076087474823, 0.23340635001659393, 0.2410709708929062]
E-Test Loss:  [0.23775319755077362, 0.23079119622707367, 0.23002123832702637, 0.23079121112823486, 0.23321864008903503]
Local Test Loss:  [0.08504415303468704, 0.08489149063825607, 0.08408819884061813, 0.0812411978840828, 0.08656097203493118]
Model Complexity:  []
Dataset	k
ards	3

E-F1	E-AUC	E-ACC
0.485	0.709	0.928

F1	AUC	ACC
0.501	0.636	0.928

SIL	NHFD	WDFD	W-NHFD
0.330	0.170	0.185	nan

Train Loss	E-Train Loss	Test Loss	E-Test Loss
1.134	nan	0.238	0.233

k = 4
n_clusters 4
alpha 1.0
beta 0.0
gamma 0.0
delta 0.1
Loading ards Train


Experiment  Run
range(0, 5)
Test F1:  [0.5280647702001482, 0.48135843484680696, 0.4813105676049838, 0.5074690897853414, 0.48135843484680696]
Test AUC:  [0.6529789338212962, 0.5527753048502704, 0.6529312416479378, 0.6193374441930388, 0.6739000191717791]
Sil scores:  [0.21611059, 0.22890924, 0.19080745, 0.3380074]
NHFD:  [0.14788562162924404, 0.2169066506191898, 0.2373120143337103, 0.16429584457500387]
WDFD:  [0.18038615694978954, 0.18857408752265772, 0.18429110063492535, 0.1757758195261093]
Train Loss:  [[0.355, 3.781], [0.286, 1.914], [0.238, 1.807], [0.25, 1.77], [0.22, 1.697], [0.21, 1.603], [0.23, 1.551], [0.223, 1.545], [0.233, 1.538], [0.225, 1.544], [0.211, 1.522], [0.199, 1.517], [0.202, 1.506], [0.187, 1.506], [0.193, 1.501], [0.184, 1.491], [0.18, 1.481], [0.175, 1.476], [0.169, 1.466], [0.163, 1.472], [0.17, 1.457], [0.159, 1.455], [0.155, 1.455], [0.154, 1.455], [0.144, 1.451], [0.146, 1.446], [0.139, 1.46], [0.151, 1.451], [0.142, 1.456], [0.13, 1.459], [0.129, 1.453], [0.129, 1.445], [0.129, 1.448], [0.118, 1.447], [0.124, 1.447], [0.117, 1.449], [0.122, 1.453], [0.112, 1.449], [0.108, 1.451], [0.107, 1.454], [0.106, 1.45], [0.105, 1.441], [0.106, 1.447], [0.107, 1.448], [0.104, 1.455], [0.105, 1.442], [0.102, 1.45], [0.101, 1.447], [0.098, 1.439], [0.098, 1.45]]
E-Train Loss:  []
Test Loss:  [0.23582303524017334, 0.2973323464393616, 0.2406049370765686, 0.23414529860019684, 0.23631641268730164]
E-Test Loss:  [0.23188640177249908, 0.2733743488788605, 0.2342585176229477, 0.23358753323554993, 0.23303553462028503]
Local Test Loss:  [0.06132827699184418, 0.07708372920751572, 0.06290604919195175, 0.061674248427152634, 0.06254608929157257]
Model Complexity:  []
Dataset	k
ards	4

E-F1	E-AUC	E-ACC
0.484	0.698	0.928

F1	AUC	ACC
0.496	0.630	0.928

SIL	NHFD	WDFD	W-NHFD
0.243	0.192	0.182	nan

Train Loss	E-Train Loss	Test Loss	E-Test Loss
0.852	nan	0.249	0.241

DCN
Wid_Mortality
k = 1
n_clusters 1
alpha 1.0
beta 0.0
gamma 0.0
delta 0.1
wid_mortality


Experiment  Run
range(0, 5)
Test F1:  [0.670531351960543, 0.654681655736025, 0.6644854757980756, 0.6405903916968949, 0.6595517869190417]
Test AUC:  [0.8564028197327198, 0.8535671392948327, 0.8554935568633923, 0.8555285374877406, 0.8557911135667091]
Sil scores:  [0, 0, 0, 0, 0]
NHFD:  [0, 0, 0, 0, 0]
WDFD:  [0, 0, 0, 0, 0]
Train Loss:  [[26.905, 31.355], [22.664, 22.659], [22.687, 22.267], [22.68, 21.776], [22.743, 21.404], [22.694, 21.24], [22.615, 20.967], [23.027, 20.87], [22.444, 20.568], [22.349, 20.455], [22.293, 20.303], [22.306, 20.261], [22.264, 20.111], [22.146, 20.091], [22.257, 20.039], [22.156, 19.895], [22.07, 19.786], [22.25, 19.674], [22.009, 19.571], [21.934, 19.594], [21.903, 19.357], [21.98, 19.314], [21.864, 19.341], [21.775, 19.265]]
E-Train Loss:  []
Test Loss:  [0.21734613180160522, 0.21803349256515503, 0.22081175446510315, 0.21717754006385803, 0.21820127964019775]
E-Test Loss:  [0.21734613180160522, 0.21803349256515503, 0.22081175446510315, 0.21717754006385803, 0.21820127964019775]
Local Test Loss:  [0.21734613180160522, 0.21803349256515503, 0.22081175446510315, 0.21717754006385803, 0.21820127964019775]
Model Complexity:  []
Dataset	k
wid_mortality	1

E-F1	E-AUC	E-ACC
0.658	0.855	0.921

F1	AUC	ACC
0.658	0.855	0.921

SIL	NHFD	WDFD	W-NHFD
0.000	0.000	0.000	nan

Train Loss	E-Train Loss	Test Loss	E-Test Loss
21.670	nan	0.218	0.218

k = 2
n_clusters 2
alpha 1.0
beta 0.0
gamma 0.0
delta 0.1
wid_mortality


Experiment  Run
range(0, 5)
Test F1:  [0.6321851240087407, 0.6472465920371909, 0.6615742868679071, 0.6571422941812286, 0.6461189239330798]
Test AUC:  [0.8460130417532944, 0.8519397563998625, 0.838167030123691, 0.8330017454170715, 0.8484511422041484]
Sil scores:  [0.18888095, 0.18332613, 0.16153006, 0.19273363, 0.21200313]
NHFD:  [0.8406410794666924, 0.8377127334868235, 0.83555438419469, 0.847245966665467, 0.8070119560641058]
WDFD:  [0.7280639915473899, 0.7344696340699071, 0.6925612813472511, 0.7238426984268391, 0.7548844143296995]
Train Loss:  [[28.219, 16.741], [23.091, 10.561], [23.078, 10.189], [23.082, 10.049], [23.13, 9.963], [23.038, 9.796], [22.935, 9.723], [22.916, 9.588], [22.946, 9.612], [22.813, 9.5], [22.945, 9.402], [22.784, 9.424], [22.63, 9.273], [22.599, 9.205], [22.617, 9.188], [22.647, 9.112], [22.621, 9.103], [22.569, 9.101], [22.387, 9.037], [22.368, 9.025], [22.372, 8.95], [22.249, 8.869], [22.336, 8.85], [22.282, 8.93], [22.226, 8.771], [22.124, 8.689], [22.106, 8.716], [22.079, 8.625], [22.081, 8.657], [22.051, 8.723], [22.082, 8.559], [21.994, 8.58], [21.91, 8.531], [21.849, 8.462], [21.797, 8.467], [21.904, 8.342], [21.76, 8.379], [21.765, 8.327], [21.687, 8.305], [21.613, 8.356]]
E-Train Loss:  []
Test Loss:  [0.2212473750114441, 0.21957559883594513, 0.22638212144374847, 0.2234376072883606, 0.22207492589950562]
E-Test Loss:  [0.21825756132602692, 0.21602115035057068, 0.21988357603549957, 0.21828381717205048, 0.2186262011528015]
Local Test Loss:  [0.14045101404190063, 0.1389307677745819, 0.1432955116033554, 0.1410326361656189, 0.13957123458385468]
Model Complexity:  []
Dataset	k
wid_mortality	2

E-F1	E-AUC	E-ACC
0.647	0.855	0.921

F1	AUC	ACC
0.649	0.844	0.920

SIL	NHFD	WDFD	W-NHFD
0.188	0.834	0.727	nan

Train Loss	E-Train Loss	Test Loss	E-Test Loss
15.892	nan	0.223	0.218

k = 3
n_clusters 3
alpha 1.0
beta 0.0
gamma 0.0
delta 0.1
wid_mortality


Experiment  Run
range(0, 5)
Test F1:  [0.6446924628764011, 0.6288820671384869, 0.6403209823478275, 0.6461133234173296, 0.6262011379675941]
Test AUC:  [0.6304664435884955, 0.8130887527491444, 0.8032533273119908, 0.8314312434347004, 0.8226436630187568]
Sil scores:  [0.09000309, 0.07137788, 0.070384234, 0.08638444]
NHFD:  [0.8099747175058241, 0.7218695616834587, 0.766771626346718, 0.7189822490604042]
WDFD:  [0.6779890576091949, 0.6875211279357369, 0.8032675250535356, 0.8070909746460737]
Train Loss:  [[28.58, 9.336], [23.086, 8.356], [23.103, 8.185], [23.137, 8.087], [23.362, 8.042], [23.144, 7.926], [22.935, 7.874], [22.889, 7.765], [22.89, 7.732], [22.79, 7.652], [22.88, 7.601], [22.744, 7.552], [22.689, 7.476], [22.536, 7.405], [22.635, 7.332], [22.572, 7.253], [22.496, 7.218], [22.394, 7.171], [22.384, 7.119], [22.416, 7.085], [22.23, 7.015], [22.135, 6.928], [22.218, 6.934], [22.047, 6.857], [22.055, 6.879], [22.055, 6.797], [21.99, 6.783], [21.991, 6.75], [21.862, 6.692], [21.933, 6.688], [21.792, 6.583], [21.853, 6.56], [21.84, 6.582], [21.778, 6.578], [21.968, 6.52], [21.563, 6.458], [21.501, 6.426], [21.499, 6.376], [21.461, 6.374], [21.47, 6.412], [21.523, 6.31], [21.364, 6.339], [21.33, 6.286], [21.376, 6.302]]
E-Train Loss:  []
Test Loss:  [0.22732669115066528, 0.22001878917217255, 0.22197817265987396, 0.22106939554214478, 0.22360438108444214]
E-Test Loss:  [0.2166672945022583, 0.21564921736717224, 0.21665529906749725, 0.21552306413650513, 0.21718591451644897]
Local Test Loss:  [0.0831027403473854, 0.09321579337120056, 0.09294673800468445, 0.08143090456724167, 0.08314836025238037]
Model Complexity:  []
Dataset	k
wid_mortality	3

E-F1	E-AUC	E-ACC
0.641	0.823	0.921

F1	AUC	ACC
0.637	0.780	0.919

SIL	NHFD	WDFD	W-NHFD
0.080	0.754	0.744	nan

Train Loss	E-Train Loss	Test Loss	E-Test Loss
14.740	nan	0.223	0.216

k = 4
n_clusters 4
alpha 1.0
beta 0.0
gamma 0.0
delta 0.1
wid_mortality


Experiment  Run
range(0, 5)
Test F1:  [0.6531675079302297, 0.6255635561307469, 0.6038095919071124, 0.6283168739628554, 0.6448520428419274]
Test AUC:  [0.8371707285677796, 0.8078043927047674, 0.8228435480266858, 0.7990620609171717, 0.8054939122943001]
Sil scores:  [0.072766736, 0.021952976, 0.016630251]
NHFD:  [0.6950319625651301, 0.6150512554638518, 0.6322545175179807]
WDFD:  [0.635112678542557, 0.7918445144033847, 0.7564527111719351]
Train Loss:  [[29.358, 5.075], [23.11, 6.268], [23.029, 6.003], [23.189, 5.946], [22.982, 5.862], [23.026, 5.844], [22.888, 5.799], [22.814, 5.707], [22.875, 5.679], [22.753, 5.629], [22.932, 5.598], [22.577, 5.558], [22.482, 5.508], [22.437, 5.458], [22.46, 5.425], [22.487, 5.389], [22.365, 5.352], [22.261, 5.362], [22.248, 5.312], [22.18, 5.3], [22.101, 5.23], [22.301, 5.236], [22.073, 5.225], [22.058, 5.217], [21.981, 5.184], [21.929, 5.102], [21.992, 5.123], [21.987, 5.117], [21.942, 5.119], [21.848, 5.085], [21.662, 5.028], [21.673, 5.024], [21.661, 5.022], [21.558, 4.981]]
E-Train Loss:  []
Test Loss:  [0.2270500510931015, 0.2204468846321106, 0.22314417362213135, 0.219975084066391, 0.22409464418888092]
E-Test Loss:  [0.21611686050891876, 0.2155143767595291, 0.21784698963165283, 0.2158699929714203, 0.21599185466766357]
Local Test Loss:  [0.06814257055521011, 0.06451957672834396, 0.06930965930223465, 0.06772851198911667, 0.06723976880311966]
Model Complexity:  []
Dataset	k
wid_mortality	4

E-F1	E-AUC	E-ACC
0.632	0.856	0.921

F1	AUC	ACC
0.631	0.814	0.919

SIL	NHFD	WDFD	W-NHFD
0.037	0.647	0.728	nan

Train Loss	E-Train Loss	Test Loss	E-Test Loss
13.985	nan	0.223	0.216

DCN
Diabetes
k = 1
n_clusters 1
alpha 1.0
beta 0.0
gamma 0.0
delta 0.1
diabetes


Experiment  Run
range(0, 5)
Test F1:  [0.5140620670276457, 0.496694436754043, 0.5025451358770101, 0.5140341704481828, 0.5092214633717472]
Test AUC:  [0.5870070027516516, 0.5882038818384914, 0.5819357745479492, 0.5720048558383237, 0.5812763257311875]
Sil scores:  [0, 0, 0, 0, 0]
NHFD:  [0, 0, 0, 0, 0]
WDFD:  [0, 0, 0, 0, 0]
Train Loss:  [[2.309, 51.67], [0.04, 51.371], [0.018, 51.339], [0.033, 51.32], [0.039, 51.256], [0.036, 51.232], [0.053, 51.221], [0.042, 51.176], [0.04, 51.161], [0.052, 51.121], [0.047, 51.12], [0.039, 51.082], [0.033, 51.041], [0.038, 51.02], [0.053, 51.004], [0.038, 50.965], [0.065, 50.912], [0.04, 50.919], [0.09, 50.879], [0.052, 50.873], [0.06, 50.826], [0.107, 50.786], [0.071, 50.752], [0.072, 50.759], [0.023, 50.774], [0.03, 50.634], [0.035, 50.651], [0.042, 50.624], [0.029, 50.571], [0.062, 50.602], [0.032, 50.511], [0.04, 50.472], [0.133, 50.478], [0.048, 50.437], [0.027, 50.403], [0.065, 50.374], [0.037, 50.349], [0.086, 50.294], [0.03, 50.268], [0.04, 50.378], [0.031, 50.224], [0.047, 50.201], [0.042, 50.184], [0.082, 50.141]]
E-Train Loss:  []
Test Loss:  [0.6643366813659668, 0.6637982130050659, 0.6656093597412109, 0.664951741695404, 0.6662081480026245]
E-Test Loss:  [0.6643366813659668, 0.6637982130050659, 0.6656093597412109, 0.664951741695404, 0.6662081480026245]
Local Test Loss:  [0.6643366813659668, 0.6637982130050659, 0.6656093597412109, 0.664951741695404, 0.6662081480026245]
Model Complexity:  []
Dataset	k
diabetes	1

E-F1	E-AUC	E-ACC
0.507	0.582	0.597

F1	AUC	ACC
0.507	0.582	0.597

SIL	NHFD	WDFD	W-NHFD
0.000	0.000	0.000	nan

Train Loss	E-Train Loss	Test Loss	E-Test Loss
25.441	nan	0.665	0.665

k = 2
n_clusters 2
alpha 1.0
beta 0.0
gamma 0.0
delta 0.1
diabetes


Experiment  Run
range(0, 5)
Test F1:  [0.485223469729724, 0.43547382397051526, 0.4731526735526023, 0.4474751659290834, 0.4779583493539626]
Test AUC:  [0.5518529552096477, 0.5582642104014126, 0.5768584187975201, 0.565882951744854, 0.5809544684552945]
Sil scores:  [0.32162505, 0.23126538, 0.32205948, 0.35940927]
NHFD:  [1.0, 1.0, 0.9990763468833372, 1.0]
WDFD:  [0.7407991175350392, 0.7302933427588817, 0.7748901815896759, 0.7916188835167766]
Train Loss:  [[2.724, 28.667], [0.283, 27.026], [0.239, 27.022], [0.273, 27.049], [0.264, 27.156], [0.24, 27.064], [0.322, 27.242], [0.356, 27.189], [0.25, 27.283], [0.246, 27.221], [0.233, 27.376], [0.268, 27.437], [0.244, 27.474], [0.209, 27.462], [0.228, 27.453], [0.235, 27.435], [0.256, 27.465], [0.25, 27.477], [0.241, 27.473], [0.276, 27.552], [0.298, 27.5], [0.314, 27.525], [0.249, 27.52], [0.22, 27.441], [0.191, 27.499], [0.243, 27.419], [0.229, 27.348], [0.222, 27.505], [0.218, 27.459], [0.223, 27.521], [0.259, 27.395], [0.26, 27.416], [0.194, 27.45], [0.238, 27.387], [0.21, 27.397], [0.224, 27.387], [0.248, 27.404], [0.215, 27.348], [0.217, 27.389], [0.204, 27.323], [0.299, 27.229], [0.202, 27.208], [0.195, 27.196], [0.209, 27.252], [0.364, 27.21], [0.192, 27.101], [0.274, 27.129], [0.217, 27.04], [0.23, 27.153], [0.222, 27.004]]
E-Train Loss:  []
Test Loss:  [0.6669123768806458, 0.666361391544342, 0.6652462482452393, 0.66614830493927, 0.6643463373184204]
E-Test Loss:  [0.6642876267433167, 0.6653409004211426, 0.6651707291603088, 0.6649135947227478, 0.6631563901901245]
Local Test Loss:  [0.43203645944595337, 0.4383000135421753, 0.4425608813762665, 0.4424639642238617, 0.4298902750015259]
Model Complexity:  []
Dataset	k
diabetes	2

E-F1	E-AUC	E-ACC
0.467	0.580	0.600

F1	AUC	ACC
0.464	0.567	0.597

SIL	NHFD	WDFD	W-NHFD
0.309	1.000	0.759	nan

Train Loss	E-Train Loss	Test Loss	E-Test Loss
13.824	nan	0.666	0.665

k = 3
n_clusters 3
alpha 1.0
beta 0.0
gamma 0.0
delta 0.1
diabetes


Experiment  Run
range(0, 5)
Test F1:  [0.448188820938053, 0.47479168149536455, 0.45548542026117167, 0.45142404412988935, 0.4404040552831411]
Test AUC:  [0.5288217281735361, 0.5463398823955928, 0.542070704958008, 0.5542771374836201, 0.5249812891104997]
Sil scores:  [0.11072958, 0.11369729, 0.12538558, 0.087916724]
NHFD:  [0.834711365502043, 0.8738329342773333, 0.9989880804864839, 0.9993066215612497]
WDFD:  [1.056179234156608, 0.8514097304235982, 0.9775030623877505, 1.04740534924377]
Train Loss:  [[3.029, 19.725], [0.289, 17.66], [0.285, 17.68], [0.28, 17.714], [0.295, 17.688], [0.35, 17.705], [0.298, 17.684], [0.274, 17.717], [0.319, 17.654], [0.286, 17.655], [0.259, 17.674], [0.274, 17.603], [0.248, 17.508], [0.24, 17.491], [0.24, 17.402], [0.235, 17.371], [0.231, 17.261], [0.246, 17.257], [0.171, 17.166], [0.211, 17.129], [0.16, 17.07], [0.133, 17.078], [0.175, 17.044], [0.137, 17.057], [0.15, 17.034], [0.116, 17.012], [0.137, 16.981], [0.121, 16.996], [0.12, 16.999], [0.12, 16.999], [0.107, 16.988], [0.113, 16.998], [0.107, 16.999], [0.116, 16.974], [0.099, 16.955], [0.105, 16.945], [0.084, 16.963], [0.095, 16.973], [0.197, 16.948], [0.089, 16.984], [0.096, 16.959], [0.072, 16.972], [0.096, 16.977], [0.092, 16.952], [0.076, 16.964], [0.094, 16.922], [0.098, 16.92], [0.087, 16.946], [0.075, 16.931], [0.071, 16.931]]
E-Train Loss:  []
Test Loss:  [0.66744464635849, 0.6662248373031616, 0.6679142713546753, 0.6672989726066589, 0.666664719581604]
E-Test Loss:  [0.6665403842926025, 0.6649313569068909, 0.6667343378067017, 0.6661436557769775, 0.6658908724784851]
Local Test Loss:  [0.23003989458084106, 0.25668635964393616, 0.23835839331150055, 0.23185274004936218, 0.23182645440101624]
Model Complexity:  []
Dataset	k
diabetes	3

E-F1	E-AUC	E-ACC
0.424	0.576	0.596

F1	AUC	ACC
0.454	0.539	0.596

SIL	NHFD	WDFD	W-NHFD
0.109	0.927	0.983	nan

Train Loss	E-Train Loss	Test Loss	E-Test Loss
8.736	nan	0.667	0.666

k = 4
n_clusters 4
alpha 1.0
beta 0.0
gamma 0.0
delta 0.1
diabetes


Experiment  Run
range(0, 5)
Test F1:  [0.4094143806509801, 0.488864309777473, 0.462030810135045, 0.4139940925941357, 0.43266433205328003]
Test AUC:  [0.5533395584053745, 0.5629489623306505, 0.5423446676738766, 0.5429907220193768, 0.5234124608162546]
Sil scores:  [0.069755375, 0.101063386, 0.092428684]
NHFD:  [0.7512196018486721, 0.8769083370744784, 0.99964453176423]
WDFD:  [1.1603379755988417, 1.0084342682980856, 1.1919631732488394]
Train Loss:  [[2.85, 14.794], [0.294, 13.149], [0.286, 13.185], [0.31, 13.098], [0.278, 13.004], [0.262, 12.948], [0.256, 12.911], [0.206, 12.845], [0.22, 12.78], [0.227, 12.738], [0.182, 12.733], [0.171, 12.722], [0.172, 12.708], [0.15, 12.722], [0.147, 12.732], [0.136, 12.734], [0.14, 12.741], [0.15, 12.746], [0.112, 12.746], [0.118, 12.737], [0.123, 12.744], [0.118, 12.748], [0.146, 12.753], [0.098, 12.753], [0.115, 12.761], [0.092, 12.76], [0.095, 12.761], [0.086, 12.746], [0.091, 12.755], [0.116, 12.762], [0.102, 12.733], [0.097, 12.759], [0.079, 12.753], [0.093, 12.735], [0.108, 12.742], [0.078, 12.718], [0.082, 12.74], [0.102, 12.754]]
E-Train Loss:  []
Test Loss:  [0.6674315333366394, 0.6653962135314941, 0.6664624214172363, 0.6675521731376648, 0.6672866940498352]
E-Test Loss:  [0.6666160821914673, 0.6651917099952698, 0.6660585999488831, 0.6663713455200195, 0.6666041016578674]
Local Test Loss:  [0.18233439326286316, 0.29992303252220154, 0.22858035564422607, 0.18484178185462952, 0.18140143156051636]
Model Complexity:  []
Dataset	k
diabetes	4

E-F1	E-AUC	E-ACC
0.430	0.574	0.597

F1	AUC	ACC
0.441	0.545	0.596

SIL	NHFD	WDFD	W-NHFD
0.088	0.876	1.120	nan

Train Loss	E-Train Loss	Test Loss	E-Test Loss
6.536	nan	0.667	0.666

DCN
CIC_LOS
k = 1
n_clusters 1
alpha 1.0
beta 0.0
gamma 0.0
delta 0.1
cic_los


Experiment  Run
range(0, 5)
Test F1:  [0.42911441361949404, 0.4397750468633202, 0.44306316114427896, 0.4366791756582904, 0.4138522099794839]
Test AUC:  [0.6574074277855708, 0.6509253598055388, 0.655995211714601, 0.6513798446589864, 0.6558501599387089]
Sil scores:  [0, 0, 0, 0, 0]
NHFD:  [0, 0, 0, 0, 0]
WDFD:  [0, 0, 0, 0, 0]
Train Loss:  [[6.607, 15.143], [5.941, 14.782], [5.935, 14.564], [5.858, 14.382], [5.673, 14.341], [5.6, 14.236], [5.532, 14.154], [5.551, 14.075], [5.588, 14.043], [5.498, 13.989], [5.516, 13.866], [5.471, 13.83], [5.452, 13.897], [5.438, 13.799], [5.404, 13.959], [5.388, 13.659], [5.442, 13.703], [5.403, 13.742], [5.344, 13.589], [5.366, 13.67], [5.325, 13.513], [5.312, 13.434], [5.315, 13.399], [5.303, 13.416], [5.324, 13.536], [5.247, 13.295]]
E-Train Loss:  []
Test Loss:  [1.0231775045394897, 1.0326554775238037, 1.0322078466415405, 1.0416051149368286, 1.0217338800430298]
E-Test Loss:  [1.0231775045394897, 1.0326554775238037, 1.0322078466415405, 1.0416051149368286, 1.0217338800430298]
Local Test Loss:  [1.0231775045394897, 1.0326554775238037, 1.0322078466415405, 1.0416051149368286, 1.0217338800430298]
Model Complexity:  []
Dataset	k
cic_los	1

E-F1	E-AUC	E-ACC
0.432	0.654	0.494

F1	AUC	ACC
0.432	0.654	0.494

SIL	NHFD	WDFD	W-NHFD
0.000	0.000	0.000	nan

Train Loss	E-Train Loss	Test Loss	E-Test Loss
9.728	nan	1.030	1.030

k = 2
n_clusters 2
alpha 1.0
beta 0.0
gamma 0.0
delta 0.1
cic_los


Experiment  Run
range(0, 5)
Test F1:  [0.4250963451054785, 0.44979300112677173, 0.433820465099863, 0.4317090074289514, 0.42838588716847453]
Test AUC:  [0.6347320979861739, 0.6382525534553455, 0.6451933313644697, 0.6386335861706568, 0.6490529963106403]
Sil scores:  [0.27461544, 0.3071363, 0.2967218, 0.30309072, 0.31170297]
NHFD:  [0.52179493698911, 0.5861570621211063, 0.5918872991968619, 0.5962054877899722, 0.575370885436944]
WDFD:  [0.4193891585490562, 0.4399812229619771, 0.43055595988404255, 0.4354926850508397, 0.42892482302230023]
Train Loss:  [[7.543, 13.405], [6.96, 12.861], [6.245, 11.577], [5.869, 9.32], [5.733, 7.577], [5.681, 7.698], [5.628, 7.668], [5.587, 7.68], [5.611, 7.663], [5.574, 7.449], [5.553, 7.455], [5.506, 7.553], [5.546, 7.394], [5.491, 7.34], [5.522, 7.353], [5.452, 7.274], [5.53, 7.406], [5.513, 7.303], [5.431, 7.103], [5.412, 7.419], [5.407, 7.216], [5.381, 7.146], [5.338, 7.236], [5.323, 7.198], [5.334, 7.208], [5.343, 7.23], [5.352, 7.162], [5.304, 7.102], [5.278, 7.224], [5.315, 7.068], [5.306, 7.077], [5.261, 7.054], [5.279, 7.074], [5.237, 7.028], [5.357, 6.83], [5.243, 7.148], [5.218, 6.988], [5.213, 6.956], [5.188, 6.988], [5.13, 6.955], [5.152, 7.039], [5.161, 6.844]]
E-Train Loss:  []
Test Loss:  [1.0282305479049683, 1.040856957435608, 1.0370005369186401, 1.0433197021484375, 1.0186142921447754]
E-Test Loss:  [1.021438479423523, 1.0263351202011108, 1.0265198945999146, 1.034029483795166, 1.0139594078063965]
Local Test Loss:  [0.7764114737510681, 0.7920817136764526, 0.7849604487419128, 0.7898328304290771, 0.7817433476448059]
Model Complexity:  []
Dataset	k
cic_los	2

E-F1	E-AUC	E-ACC
0.431	0.651	0.495

F1	AUC	ACC
0.434	0.641	0.493

SIL	NHFD	WDFD	W-NHFD
0.299	0.574	0.431	nan

Train Loss	E-Train Loss	Test Loss	E-Test Loss
6.593	nan	1.034	1.024

k = 3
n_clusters 3
alpha 1.0
beta 0.0
gamma 0.0
delta 0.1
cic_los


Experiment  Run
range(0, 5)
Test F1:  [0.36682063609846455, 0.4087698564677198, 0.42114965057774373, 0.4287087458360497, 0.4373879031411146]
Test AUC:  [0.5850291804380636, 0.6487057498018666, 0.6512307993379939, 0.6189476846778199, 0.6181644888419204]
Sil scores:  [0.21181901, 0.23137118, 0.36922643, 0.25641176]
NHFD:  [0.36786718616071107, 0.34582113911402196, 0.2885753658151394, 0.37150045716452135]
WDFD:  [0.4712814596587531, 0.46957418775752774, 0.9936696295271646, 0.47177631757614497]
Train Loss:  [[7.313, 4.524], [6.477, 5.259], [6.143, 6.529], [5.992, 6.505], [5.873, 5.802], [5.801, 5.398], [5.758, 5.125], [5.679, 5.075], [5.643, 5.056], [5.621, 5.093], [5.593, 4.976], [5.63, 5.007], [5.568, 5.01], [5.515, 4.975], [5.506, 5.008], [5.508, 4.865], [5.476, 4.912], [5.441, 4.965], [5.499, 4.917], [5.468, 4.969], [5.446, 4.896], [5.395, 4.837], [5.417, 4.826], [5.377, 4.831], [5.36, 4.827], [5.359, 4.85], [5.356, 4.783], [5.319, 4.784], [5.345, 4.779], [5.342, 4.769], [5.309, 4.763], [5.279, 4.699], [5.251, 4.683], [5.269, 4.904], [5.23, 4.693], [5.263, 4.684], [5.223, 4.645], [5.254, 4.715], [5.269, 4.738], [5.241, 4.612], [5.182, 4.557], [5.196, 4.545], [5.14, 4.598], [5.19, 4.562], [5.149, 4.507], [5.199, 4.455], [5.115, 4.445], [5.152, 4.502], [5.124, 4.442], [5.217, 4.39]]
E-Train Loss:  []
Test Loss:  [1.0605798959732056, 1.0231462717056274, 1.020389199256897, 1.031262755393982, 1.0468671321868896]
E-Test Loss:  [1.0369205474853516, 1.0179065465927124, 1.016019344329834, 1.0254299640655518, 1.0295811891555786]
Local Test Loss:  [0.6350220441818237, 0.6468245983123779, 0.7706556916236877, 0.8375317454338074, 0.6557372808456421]
Model Complexity:  []
Dataset	k
cic_los	3

E-F1	E-AUC	E-ACC
0.420	0.647	0.494

F1	AUC	ACC
0.413	0.624	0.478

SIL	NHFD	WDFD	W-NHFD
0.267	0.343	0.602	nan

Train Loss	E-Train Loss	Test Loss	E-Test Loss
5.178	nan	1.036	1.025

k = 4
n_clusters 4
alpha 1.0
beta 0.0
gamma 0.0
delta 0.1
cic_los


Experiment  Run
range(0, 5)
Test F1:  [0.39445177367446344, 0.4145064519325907, 0.3771212725586797, 0.3905141596809217, 0.4029864870413083]
Test AUC:  [0.5979311061585869, 0.6233735734937088, 0.6025008777701802, 0.607838332835888, 0.6148474466487216]
Sil scores:  [0.11808001, 0.19225225, 0.20723757, 0.2364261]
NHFD:  [0.2994910259006482, 0.2538009482570539, 0.30460695519440056, 0.23911205489172063]
WDFD:  [0.5201467755469996, 0.46069609468063094, 0.48164926541332925, 0.47480677493560347]
Train Loss:  [[7.478, 8.848], [6.754, 8.159], [6.437, 6.642], [6.283, 5.203], [6.158, 4.567], [6.101, 4.397], [5.997, 4.161], [5.936, 4.083], [5.938, 3.964], [6.523, 4.231], [6.07, 4.171], [5.895, 3.978], [5.645, 3.923], [5.669, 3.802], [5.568, 3.919], [5.542, 3.888], [5.522, 3.883], [5.522, 3.775], [5.512, 3.885], [5.486, 3.9], [5.499, 3.826], [5.416, 3.925], [5.444, 3.831], [5.433, 3.8], [5.477, 3.894], [5.407, 3.808], [5.483, 3.819], [5.415, 3.803], [5.386, 3.763], [5.347, 3.767], [5.293, 3.795], [5.276, 3.768], [5.288, 3.716], [5.305, 3.734], [5.278, 3.751], [5.307, 3.707], [5.303, 3.724], [5.404, 3.702], [5.276, 3.712], [5.222, 3.724], [5.253, 3.594], [5.216, 3.565], [5.267, 3.621], [5.235, 3.626], [5.318, 3.603], [5.255, 3.566], [5.206, 3.583], [5.182, 3.497], [5.17, 3.575], [5.106, 3.512]]
E-Train Loss:  []
Test Loss:  [1.037327766418457, 1.0223984718322754, 1.031798005104065, 1.0279412269592285, 1.0332226753234863]
E-Test Loss:  [1.027683138847351, 1.0143170356750488, 1.0236520767211914, 1.0203804969787598, 1.024151086807251]
Local Test Loss:  [0.4675614535808563, 0.6216750741004944, 0.5524387955665588, 0.533498227596283, 0.5443581342697144]
Model Complexity:  []
Dataset	k
cic_los	4

E-F1	E-AUC	E-ACC
0.392	0.642	0.490

F1	AUC	ACC
0.396	0.609	0.484

SIL	NHFD	WDFD	W-NHFD
0.188	0.274	0.484	nan

Train Loss	E-Train Loss	Test Loss	E-Test Loss
4.842	nan	1.031	1.022

DCN
CIC
k = 1
n_clusters 1
alpha 1.0
beta 0.5
gamma 0.0
delta 0.0
cic
Dataset	k	F1	AUC	ACC	SIL	NHFD	WDFD
cic	1	0.522	0.703	0.860	0.000	1.000	0.000


k = 2
n_clusters 2
alpha 1.0
beta 0.5
gamma 0.0
delta 0.0
cic
k = 3
n_clusters 3
alpha 1.0
beta 0.5
gamma 0.0
delta 0.0
cic
k = 4
n_clusters 4
alpha 1.0
beta 0.5
gamma 0.0
delta 0.0
cic
DCN
Sepsis
k = 1
n_clusters 1
alpha 1.0
beta 0.5
gamma 0.0
delta 0.0
sepsis
Dataset	k	F1	AUC	ACC	SIL	NHFD	WDFD
sepsis	1	0.687	0.827	0.938	0.000	1.000	0.000


k = 2
n_clusters 2
alpha 1.0
beta 0.5
gamma 0.0
delta 0.0
sepsis
Dataset	k	F1	AUC	ACC	SIL	NHFD	WDFD
sepsis	2	0.749	0.856	0.946	0.380	0.925	0.719


k = 3
n_clusters 3
alpha 1.0
beta 0.5
gamma 0.0
delta 0.0
sepsis
k = 4
n_clusters 4
alpha 1.0
beta 0.5
gamma 0.0
delta 0.0
sepsis
DCN
Kidney
k = 1
n_clusters 1
alpha 1.0
beta 0.5
gamma 0.0
delta 0.0
Loading aki Train
Dataset	k	F1	AUC	ACC	SIL	NHFD	WDFD
aki	1	0.422	0.555	0.525	0.000	1.000	0.000


k = 2
n_clusters 2
alpha 1.0
beta 0.5
gamma 0.0
delta 0.0
Loading aki Train
Dataset	k	F1	AUC	ACC	SIL	NHFD	WDFD
aki	2	0.522	0.582	0.557	0.498	0.818	0.145


k = 3
n_clusters 3
alpha 1.0
beta 0.5
gamma 0.0
delta 0.0
Loading aki Train
Dataset	k	F1	AUC	ACC	SIL	NHFD	WDFD
aki	3	0.512	0.567	0.550	0.768	0.843	0.173


k = 4
