Baseline
CIC
cic
F1: [0.12485414235705951, 0.4615936826992103, 0.5014114831685912, 0.4615936826992103, 0.4615936826992103, 0.47950109937150975, 0.4614970382337103, 0.4615936826992103, 0.4615936826992103, 0.4615936826992103, 0.4615936826992103]
AUC: [0.5003826706733914, 0.6998876288135347, 0.7081210665542652, 0.5, 0.6961735657911949, 0.7282702104620573, 0.7152968797691894, 0.5, 0.663405600936033, 0.6116437715294836, 0.5877960076888418]
ACC: [0.14266666666666666, 0.8573333333333333, 0.8596666666666667, 0.8573333333333333, 0.8573333333333333, 0.8573333333333333, 0.857, 0.8573333333333333, 0.8573333333333333, 0.8573333333333333, 0.8573333333333333]
Dataset	k	F1	AUC	ACC
cic	3	0.436	0.628	0.793
Sepsis
sepsis
F1: [0.48097812097812104, 0.5251456399303969, 0.48097812097812104, 0.482325689947148, 0.5815983608836819, 0.5481494710385598, 0.48097812097812104, 0.48097812097812104, 0.48097812097812104, 0.48097812097812104, 0.48097812097812104]
AUC: [0.6388071102271757, 0.7394807745756846, 0.6852731930311303, 0.6613472678669217, 0.7506403815958834, 0.7245747577984545, 0.6773885625225489, 0.5718642773377332, 0.5856754610088497, 0.6620322582000056, 0.5]
ACC: [0.9267010513786947, 0.9278912914104345, 0.9267010513786947, 0.9267010513786947, 0.9326522515373934, 0.9280896647490577, 0.9267010513786947, 0.9267010513786947, 0.9267010513786947, 0.9267010513786947, 0.9267010513786947]
Dataset	k	F1	AUC	ACC
sepsis	3	0.500	0.654	0.927
Kidney
Loading aki Train
F1: [0.574024043715847, 0.5707871318016134, 0.33446712018140584, 0.5773395391324065, 0.33446712018140584, 0.5634516143868259, 0.33446712018140584, 0.5593953766745718, 0.5760973001892794, 0.573626446754609, 0.5667062223116983]
AUC: [0.6008168227433377, 0.5794283530686479, 0.5, 0.6185948907463302, 0.5109770431855121, 0.5936147228026727, 0.6073934873461806, 0.6026928869024586, 0.6005709374919381, 0.5944159862497742, 0.6133218210664809]
ACC: [0.575809199318569, 0.5732538330494037, 0.5025553662691652, 0.578648495173197, 0.5025553662691652, 0.5684270300965361, 0.5025553662691652, 0.5658716638273709, 0.5777967064168086, 0.5743895513912549, 0.5743895513912549]
Dataset	k	F1	AUC	ACC
aki	3	0.506	0.584	0.554
Respiratory
Loading ards Train
F1: [0.48135843484680696, 0.48135843484680696, 0.48135843484680696, 0.48135843484680696, 0.48135843484680696, 0.48135843484680696, 0.48135843484680696, 0.48135843484680696, 0.48135843484680696, 0.48135843484680696, 0.48135843484680696]
AUC: [0.658291153837393, 0.5005131060939683, 0.6137813059967807, 0.6248296369130778, 0.6014038820005467, 0.686993774866367, 0.5936925795723744, 0.5656374806384012, 0.6359718098918787, 0.5846454217411772, 0.6662997612069489]
ACC: [0.9281138790035587, 0.9281138790035587, 0.9281138790035587, 0.9281138790035587, 0.9281138790035587, 0.9281138790035587, 0.9281138790035587, 0.9281138790035587, 0.9281138790035587, 0.9281138790035587, 0.9281138790035587]
Dataset	k	F1	AUC	ACC
ards	3	0.481	0.612	0.928
Wid_Mortality
wid_mortality
F1: [0.51244660875015, 0.47724578203374374, 0.5353748151995683, 0.5278540672680401, 0.502758510489349, 0.50414730984528, 0.5411228164929954, 0.5309546958459156, 0.48563462803042695, 0.507129289419432, 0.530019147134483]
AUC: [0.7216847403482677, 0.5, 0.7311108637588573, 0.7481747306479958, 0.7266675884733349, 0.737260231335976, 0.7670418588945518, 0.7450725488335739, 0.7064769887089295, 0.6984841374417093, 0.7421616774060255]
ACC: [0.9141224703419399, 0.9129448709002094, 0.912334263782275, 0.9148203070481508, 0.9127704117236567, 0.9136427076064201, 0.9135990928122819, 0.9146022330774599, 0.9130321004884857, 0.9133810188415911, 0.9149511514305653]
Dataset	k	F1	AUC	ACC
wid_mortality	3	0.514	0.711	0.914
Diabetes
diabetes
F1: [0.37319957004657833, 0.4100511433323782, 0.42981888178234695, 0.37319957004657833, 0.449422290635895, 0.37319957004657833, 0.37319957004657833, 0.4321240084615766, 0.37319957004657833, 0.39739123924019587, 0.37319957004657833]
AUC: [0.5601964764795526, 0.5654770246635146, 0.5640424428813628, 0.49334034349094075, 0.5639812386252115, 0.5588327022807957, 0.5, 0.5579782062254302, 0.5540768782697431, 0.5633325087764645, 0.5638500541909788]
ACC: [0.5954041385617926, 0.5943180519035097, 0.5918600663084486, 0.5954041385617926, 0.5918600663084486, 0.5954041385617926, 0.5954041385617926, 0.5930604778781297, 0.5954041385617926, 0.5943752143592089, 0.5954041385617926]
Dataset	k	F1	AUC	ACC
diabetes	3	0.396	0.550	0.594
CIC-LOS
cic_los
F1: [0.3482047752336377, 0.3245436713918462, 0.18508708564090215, 0.18508708564090215, 0.33191896701863227, 0.32564010956293915, 0.2732101683263679, 0.33801945451416343, 0.18508708564090215, 0.16553912970851078, 0.3170287595719738]
AUC: [0.595475505236979, 0.5688173076001087, 0.5721226452762863, 0.5, 0.5826244833018914, 0.5794512419163181, 0.5363457310919926, 0.5923472594980924, 0.5458049483505212, 0.5025713252133247, 0.5597961643955135]
ACC: [0.4493333333333333, 0.424, 0.38433333333333336, 0.38433333333333336, 0.42966666666666664, 0.4266666666666667, 0.39, 0.44033333333333335, 0.38433333333333336, 0.3303333333333333, 0.4076666666666667]
Dataset	k	F1	AUC	ACC
cic_los	3	0.271	0.558	0.405
