SAE
CIC
cic
F1: [0.5014114831685912, 0.4765399855907781, 0.4615936826992103, 0.49160919255508256, 0.4836300287393792, 0.4615936826992103, 0.4750193655443829, 0.4968481810587074, 0.5253384202725274, 0.4879762140227523, 0.4965745179153807]
AUC: [0.7081210665542652, 0.6601323472769292, 0.6961735657911949, 0.7283079097687534, 0.7313747256580573, 0.629947239138966, 0.6834847967326056, 0.7049911156814582, 0.7112773615209081, 0.690579987936222, 0.6803927722707519]
ACC: [0.8596666666666667, 0.8553333333333333, 0.8573333333333333, 0.8563333333333333, 0.857, 0.8573333333333333, 0.857, 0.8586666666666667, 0.8586666666666667, 0.8573333333333333, 0.8543333333333333]
Dataset	k	F1	AUC	ACC
cic	3	0.487	0.693	0.857
Sepsis
sepsis
F1: [0.5580530874174158, 0.48097812097812104, 0.48097812097812104, 0.48097812097812104, 0.5481494710385598, 0.4809246769294136, 0.48097812097812104, 0.5128833069351123, 0.4809246769294136, 0.48097812097812104, 0.49522861329352263]
AUC: [0.7380084689977242, 0.6896418439803623, 0.7207805891742416, 0.5, 0.7245747577984545, 0.6838006702028264, 0.5811304751974697, 0.7465271084254462, 0.6822711191593513, 0.71061077471907, 0.7160732449394791]
ACC: [0.9304701448125372, 0.9267010513786947, 0.9267010513786947, 0.9267010513786947, 0.9280896647490577, 0.9265026780400714, 0.9267010513786947, 0.9270977980559413, 0.9265026780400714, 0.9267010513786947, 0.9263043047014481]
Dataset	k	F1	AUC	ACC
sepsis	3	0.498	0.681	0.927
Kidney
Loading aki Train
F1: [0.5667062223116983, 0.33219567690557456, 0.5724817347128992, 0.33446712018140584, 0.5697657674566103, 0.33446712018140584, 0.33446712018140584, 0.33446712018140584, 0.5404647246959524, 0.33446712018140584, 0.33446712018140584]
AUC: [0.6133218210664809, 0.500000725563037, 0.6120948133529397, 0.5004371920387999, 0.5991862407450403, 0.5778305020251271, 0.5462207033769315, 0.5533492795965225, 0.5681268219694038, 0.5, 0.502375090292289]
ACC: [0.5743895513912549, 0.49744463373083475, 0.5865985235661556, 0.5025553662691652, 0.5712663259511641, 0.5025553662691652, 0.5025553662691652, 0.5025553662691652, 0.5420215786484952, 0.5025553662691652, 0.5025553662691652]
Dataset	k	F1	AUC	ACC
aki	3	0.417	0.552	0.526
Respiratory
Loading ards Train
F1: [0.48135843484680696, 0.48135843484680696, 0.48135843484680696, 0.48135843484680696, 0.48135843484680696, 0.48135843484680696, 0.48135843484680696, 0.48135843484680696, 0.48135843484680696, 0.48135843484680696, 0.48135843484680696]
AUC: [0.6557964498041062, 0.5764140136214542, 0.5928729148317439, 0.6538503244016886, 0.6596794469036629, 0.5893171192598554, 0.6047558587818138, 0.6961815178354491, 0.6249849330696107, 0.6557654854825973, 0.6265426401248253]
ACC: [0.9281138790035587, 0.9281138790035587, 0.9281138790035587, 0.9281138790035587, 0.9281138790035587, 0.9281138790035587, 0.9281138790035587, 0.9281138790035587, 0.9281138790035587, 0.9281138790035587, 0.9281138790035587]
Dataset	k	F1	AUC	ACC
ards	3	0.481	0.631	0.928
Wid_Mortality
wid_mortality
F1: [0.47724578203374374, 0.5126337702622847, 0.47724578203374374, 0.47724578203374374, 0.5582871601907662, 0.5515173280775141, 0.524750486077896, 0.5155497146563011, 0.5377980041507443, 0.5583944835452443, 0.5335203337509442]
AUC: [0.5, 0.7215330958113437, 0.6995262381250175, 0.7073717112229427, 0.7179502924250948, 0.7540519841517547, 0.7384814416718015, 0.7154355768674747, 0.7083642131386794, 0.7458522828668994, 0.7197497481586526]
ACC: [0.9129448709002094, 0.9130757152826239, 0.9129448709002094, 0.9129448709002094, 0.9138171667829728, 0.9142533147243544, 0.9140352407536636, 0.9129448709002094, 0.9146458478715981, 0.9152564549895325, 0.9142969295184926]
Dataset	k	F1	AUC	ACC
wid_mortality	3	0.520	0.703	0.914
Diabetes
diabetes
F1: [0.38198955835474296, 0.38647372813230757, 0.449422290635895, 0.43756186369033534, 0.41349877952984015, 0.37319957004657833, 0.37319957004657833, 0.37319957004657833, 0.4783924763575536, 0.42591190679624163, 0.49513489674972927]
AUC: [0.5467723949591321, 0.5518879707312287, 0.5639812386252115, 0.5646890906528048, 0.559571110657892, 0.5, 0.551504000409742, 0.5644456978504606, 0.5643589118497028, 0.5563685909184427, 0.5726897338044498]
ACC: [0.593860752257917, 0.594432376814908, 0.5918600663084486, 0.5927746655996342, 0.5951183262832971, 0.5954041385617926, 0.5954041385617926, 0.5954041385617926, 0.5960900880301818, 0.5913456042071568, 0.5958614382073854]
Dataset	k	F1	AUC	ACC
diabetes	3	0.417	0.554	0.594
CIC-LOS
cic_los
F1: [0.18508708564090215, 0.18508708564090215, 0.18508708564090215, 0.18508708564090215, 0.32017817344627053, 0.30925323016019035, 0.1479944674965422, 0.31984021056743156, 0.16553912970851078, 0.18508708564090215, 0.32618495573053435]
AUC: [0.5449345312199708, 0.5183821252639412, 0.5, 0.5492596877307864, 0.5768244911848215, 0.5588316800259147, 0.5113032657176265, 0.5674815447131597, 0.5022429904588716, 0.5545128571270072, 0.5859840982113064]
ACC: [0.38433333333333336, 0.38433333333333336, 0.38433333333333336, 0.38433333333333336, 0.413, 0.421, 0.2853333333333333, 0.41233333333333333, 0.3303333333333333, 0.38433333333333336, 0.44033333333333335]
Dataset	k	F1	AUC	ACC
cic_los	3	0.229	0.543	0.384
