DMNN
CIC
cic	1	0.29871277	0.72114804	0.	1.802	0.
cic	2	0.37931906	0.78437822	0.1252751	1.23307009	0.78706254
cic	3	0.4131466	0.79860994	0.09242234	1.17302279	0.80811633
cic	4	0.40392163	0.80843374	0.085225	1.10664487	0.86406743
DMNN
Sepsis
sepsis	1	0.15705421	0.66990486	0.	1.802	0.
sepsis	2	0.42716503	0.76723895	0.2495193	1.47581798	1.27282604
sepsis	3	0.36291794	0.79432031	0.1040861	1.35115206	1.20947899
sepsis	4	0.53652185	0.82934117	0.09913759	1.33288146	1.54525905
DMNN
Kidney
aki	1	0.38237118	0.61652449	0.	1.802	0.
aki	2	0.64482641	0.68980007	0.25898797	0.75981348	0.15681528
aki	3	0.6472396	0.68859325	0.28526682	0.80269213	0.20199352
aki	4	0.63986755	0.69079038	0.27847416	0.76663034	0.21103878
DMNN
Respiratory
ards	1	0.04340513	0.60134843	0.	1.802	0.
ards	2	0.13174324	0.75750675	0.29494283	0.5812	0.1118113	
ards	3	0.14262285	0.76566391	0.31949924	1.15602622	0.25180703
ards	4	0.16328529	0.69728938	0.30083844	1.11443933	0.24712462
DMNN
Wid_Mortality
wid_mortality	1	0.02554915	0.68571067	0.	1.802	0.
wid_mortality	2	0.33108281	0.84554226	0.20188445	1.43814606	1.05163084
wid_mortality	3	0.33077713	0.85294185	0.1569783	1.40371701	1.10390474
wid_mortality	4	0.35992767	0.86522354	0.15179301	1.36275747	1.16121537
DMNN
Diabetes
diabetes	1	0.2263641	0.57755009	0.	1.802	0.
diabetes	2	0.23524052	0.58073859	0.15615968	1.66313333	1.01712753
diabetes	3	0.27993022	0.57881685	0.16660673	1.24538519	1.55061956
diabetes	4	0.27892862	0.58057589	0.18306426	1.3805	1.88522879
