
Experiment  Run
range(0, 5)
Test F1:  [0.5040881925596952, 0.5108420598555071, 0.5018738033259471, 0.4976430367137273, 0.5018738033259471]
Test AUC:  [0.7212738887960881, 0.7073997372896799, 0.7078892345714634, 0.6961486553179858, 0.7310181590915994]
Sil scores:  [0.06069074]
HTFD:  [0.8240224719101126]
WDFD:  [0.08358334398708447]
Train Loss:  [[2.191, 4.53], [0.157, 3.821], [-1.219, 3.856], [-2.241, 3.83], [-3.037, 3.807], [-3.675, 3.788], [-4.192, 3.744], [-4.623, 3.706], [-4.987, 3.673], [-5.294, 3.638], [-5.552, 3.582], [-5.775, 3.55], [-5.968, 3.509], [-6.139, 3.475], [-6.291, 3.445], [-6.401, 3.411], [-6.51, 3.388], [-6.612, 3.356], [-6.691, 3.35], [-6.751, 3.319], [-6.829, 3.318], [-6.872, 3.297], [-6.908, 3.286], [-6.964, 3.266], [-6.993, 3.253], [-7.025, 3.245], [-7.045, 3.217], [-7.08, 3.199], [-7.091, 3.179], [-7.092, 3.15], [-7.114, 3.142], [-7.142, 3.104], [-7.151, 3.084], [-7.162, 3.063], [-7.158, 3.066], [-7.154, 3.19], [-7.215, 3.228], [-7.239, 3.254], [-7.253, 3.233], [-7.278, 3.182], [-7.263, 3.155], [-7.266, 3.125], [-7.315, 3.103], [-7.28, 3.095], [-7.323, 3.069], [-7.32, 3.054], [-7.338, 3.035], [-7.34, 3.031], [-7.309, 3.046], [-7.365, 3.036]]
E-Train Loss:  []
Test Loss:  [0.22924113273620605, 0.22937975823879242, 0.2297275960445404, 0.2330901324748993, 0.22841255366802216]
E-Test Loss:  [0.23289704322814941, 0.23183982074260712, 0.23238465189933777, 0.23805685341358185, 0.23145784437656403]
Local Test Loss:  [0.11511974036693573, 0.11535368859767914, 0.11536484211683273, 0.1535799354314804, 0.11422117799520493]
Model Complexity:  []
Dataset	k
ards	2

E-F1	E-AUC	E-ACC
0.511	0.705	0.927

F1	AUC	ACC
0.503	0.713	0.927

SIL	HTFD	WDFD	W-HTFD
0.061	0.824	0.084	0.338

Train Loss	E-Train Loss	Test Loss	E-Test Loss
-1.370	nan	0.230	0.233
CAC
Adult
k = 2
n_clusters 2
alpha 1.0
beta 0.0
gamma 0.0
delta 0.0
eta 0.04
attention False
adult


Experiment  Run
range(0, 5)
Test F1:  [0.7847543074624657, 0.7879942495079348, 0.7836454812011144, 0.7810076235018877, 0.7882505188897245]
Test AUC:  [0.9010710534282098, 0.8947609177215714, 0.9013854815879756, 0.8968036128091894, 0.9003202015523256]
Sil scores:  [0.12518652, 0.48082802, 0.5216396, 0.13245699, 0.062344998]
HTFD:  [1.262, 0.9417142857142858, 0.9369285714285714, 0.7098571428571431, 1.3943571428571429]
WDFD:  [1.015991793444783, 1.0076624558876943, 1.0093674851676744, 0.7100320645966399, 0.8353626133096809]
Train Loss:  [[12.885, 13.471], [6.274, 11.124], [3.235, 10.519], [0.884, 10.224], [-1.122, 10.098], [-2.83, 9.911], [-4.334, 9.807], [-5.653, 9.672], [-6.761, 9.519], [-7.666, 9.38], [-8.405, 9.126], [-8.968, 8.847], [-9.539, 8.531], [-9.987, 8.242], [-10.363, 7.868], [-10.673, 7.569], [-10.961, 7.238], [-11.24, 6.968], [-11.457, 6.68], [-11.675, 6.446], [-11.831, 6.258], [-11.987, 6.079], [-12.119, 5.967], [-12.251, 5.818], [-12.371, 5.716], [-12.462, 5.633], [-12.529, 5.587], [-12.658, 5.565], [-12.9, 5.946], [-12.998, 5.875], [-12.896, 5.839], [-13.025, 5.849], [-13.158, 5.783], [-13.196, 5.721], [-13.237, 5.681], [-13.279, 5.692], [-13.413, 5.609], [-13.509, 5.58], [-13.537, 5.587], [-13.569, 5.61], [-13.551, 5.577], [-13.687, 5.552], [-13.716, 5.534], [-13.729, 5.571], [-13.739, 5.514], [-13.862, 5.525], [-13.907, 5.493], [-13.993, 5.505], [-13.97, 5.463], [-14.029, 5.471]]
E-Train Loss:  []
Test Loss:  [0.320069819688797, 0.32184985280036926, 0.32196044921875, 0.32329919934272766, 0.3217746615409851]
E-Test Loss:  [0.32062187790870667, 0.3458259105682373, 0.3484322130680084, 0.3564162254333496, 0.32074639201164246]
Local Test Loss:  [0.16063755750656128, 0.1914128214120865, 0.21215949952602386, 0.16237254440784454, 0.1610041856765747]
Model Complexity:  []
Dataset	k
adult	2

E-F1	E-AUC	E-ACC
0.775	0.898	0.839

F1	AUC	ACC
0.785	0.899	0.849

SIL	HTFD	WDFD	W-HTFD
0.264	1.049	0.916	0.594

Train Loss	E-Train Loss	Test Loss	E-Test Loss
-1.516	nan	0.322	0.338

k = 3
n_clusters 3
alpha 1.0
beta 0.0
gamma 0.0
delta 0.0
eta 0.04
attention False
adult


Experiment  Run
range(0, 5)
Test F1:  [0.7833043498530226, 0.7877794161044305, 0.7839477865905027, 0.7870454481297803, 0.7832299348063525]
Test AUC:  [0.9036442748005549, 0.9009901720529008, 0.8995020625061547, 0.8995069323814295, 0.895100088992308]
Sil scores:  [0.076685034, 0.1250306, 0.09025428, 0.14404516]
HTFD:  [1.6533809523809522, 1.163, 1.3303333333333336, 1.300690476190476]
WDFD:  [1.0867678255916653, 1.0598467955833837, 1.0965534756731234, 0.8748339884815685]
Train Loss:  [[27.343, 11.292], [13.153, 9.215], [5.823, 9.493], [1.311, 8.699], [-2.077, 8.411], [-4.854, 8.069], [-7.286, 7.804], [-9.317, 7.488], [-11.093, 7.172], [-12.567, 6.729], [-13.762, 6.272], [-14.442, 5.896], [-14.564, 5.474], [-15.303, 5.098], [-16.331, 4.897], [-17.041, 4.661], [-17.492, 4.5], [-17.521, 4.354], [-17.528, 4.218], [-18.171, 4.116], [-18.395, 4.025], [-18.618, 3.944], [-18.947, 3.87], [-19.067, 3.824], [-19.351, 3.78], [-19.514, 3.77], [-19.493, 3.77], [-19.528, 3.877], [-19.777, 3.914], [-20.086, 3.817], [-20.177, 3.77], [-20.233, 3.762]]
E-Train Loss:  []
Test Loss:  [0.31932196021080017, 0.32973355054855347, 0.3272407650947571, 0.3292645812034607, 0.3293895125389099]
E-Test Loss:  [0.3192759156227112, 0.3595717251300812, 0.37743881344795227, 0.32337844371795654, 0.3419797122478485]
Local Test Loss:  [0.1064448207616806, 0.1532621681690216, 0.11179908365011215, 0.1099494993686676, 0.12230405956506729]
Model Complexity:  []
Dataset	k
adult	3

E-F1	E-AUC	E-ACC
0.736	0.896	0.838

F1	AUC	ACC
0.785	0.900	0.848

SIL	HTFD	WDFD	W-HTFD
0.109	1.362	1.030	0.902

Train Loss	E-Train Loss	Test Loss	E-Test Loss
-3.358	nan	0.327	0.344

CAC
Creditcard
k = 2
n_clusters 2
alpha 1.0
beta 0.0
gamma 0.0
delta 0.0
eta 0.04
attention False
creditcard


Experiment  Run
range(0, 5)
Test F1:  [0.6885129836486774, 0.6934956262471538, 0.6952104499274311, 0.6881177104841437, 0.6908182604963267]
Test AUC:  [0.7405112223826136, 0.7547155162763811, 0.7748630355985271, 0.76533204560795, 0.7769643607485599]
Sil scores:  [0.104766056, 0.37514117, 0.31019416, 0.10260286, 0.39218965]
HTFD:  [1.4514782608695653, 1.120913043478261, 1.337, 1.4726086956521738, 1.127086956521739]
WDFD:  [0.7586157069831184, 1.1314930271304722, 1.003147719426402, 0.5367376778452752, 1.1269642326984617]
Train Loss:  [[42.656, 15.889], [21.404, 13.123], [9.644, 11.315], [3.201, 10.28], [0.325, 10.109], [-1.686, 10.143], [-3.435, 10.256], [-4.889, 10.418], [-6.165, 10.654], [-7.302, 10.749], [-8.278, 10.8], [-9.155, 10.834], [-9.809, 10.77], [-10.531, 10.644], [-11.065, 10.559], [-11.405, 10.482], [-12.096, 10.266], [-12.52, 10.093], [-12.835, 9.947], [-13.28, 9.768], [-13.544, 9.586], [-13.805, 9.357], [-13.978, 9.171], [-14.157, 8.956], [-14.356, 8.743], [-14.793, 8.562], [-14.842, 8.43], [-14.705, 8.293], [-14.872, 8.134], [-14.692, 8.085], [-15.39, 7.842], [-15.115, 7.753], [-15.833, 7.656], [-15.902, 7.548], [-16.127, 7.481], [-15.985, 7.426]]
E-Train Loss:  []
Test Loss:  [0.43261492252349854, 0.43158239126205444, 0.4286394715309143, 0.4335795044898987, 0.42892059683799744]
E-Test Loss:  [0.43363723158836365, 0.42972704768180847, 0.43491703271865845, 0.42877665162086487, 0.43096208572387695]
Local Test Loss:  [0.2234213799238205, 0.27807408571243286, 0.2492183893918991, 0.21738563477993011, 0.2779369354248047]
Model Complexity:  []
Dataset	k
creditcard	2

E-F1	E-AUC	E-ACC
0.688	0.768	0.823

F1	AUC	ACC
0.691	0.762	0.821

SIL	HTFD	WDFD	W-HTFD
0.257	1.302	0.911	1.272

Train Loss	E-Train Loss	Test Loss	E-Test Loss
0.761	nan	0.431	0.432

k = 3
n_clusters 3
alpha 1.0
beta 0.0
gamma 0.0
delta 0.0
eta 0.04
attention False
creditcard
CAC
Magic
k = 2
n_clusters 2
alpha 1.0
beta 0.0
gamma 0.0
delta 0.0
eta 0.04
attention False
magic


Experiment  Run
range(0, 5)
Test F1:  [0.8578365957454558, 0.862224859358012, 0.8661365678346811, 0.8606008825714158, 0.8569498628445392]
Test AUC:  [0.9284738171662529, 0.9316784112251677, 0.9339194179370451, 0.928455989104729, 0.9294831858125836]
Sil scores:  [0.46110794, 0.454269, 0.45104325, 0.49480325]
HTFD:  [1.6393999999999997, 1.6361999999999999, 1.8018999999999998, 1.6311]
WDFD:  [1.5010903968024287, 1.500997843472812, 1.3496910657260193, 1.5009829476441676]
Train Loss:  [[6.919, 10.755], [3.42, 9.443], [2.078, 7.916], [1.535, 7.267], [1.224, 6.986], [0.975, 6.68], [0.739, 6.553], [0.539, 6.605], [0.349, 6.475], [0.16, 6.361], [0.012, 6.287], [-0.135, 6.236], [-0.266, 6.176], [-0.381, 6.095], [-0.47, 6.088], [-0.554, 5.992], [-0.634, 5.903], [-0.705, 5.797], [-0.773, 5.684], [-0.807, 5.69], [-0.885, 5.516], [-0.894, 5.404], [-0.926, 5.31], [-1.009, 5.163], [-1.048, 5.091], [-1.064, 4.977], [-1.049, 4.872], [-1.024, 4.802], [-1.147, 4.677], [-1.189, 4.555], [-1.216, 4.447], [-1.237, 4.37], [-1.224, 4.281], [-1.271, 4.171], [-1.296, 4.086], [-1.176, 4.114], [-1.235, 3.993], [-1.32, 3.908], [-1.372, 3.849], [-1.394, 3.809], [-1.415, 3.727], [-1.36, 3.703], [-1.398, 3.633], [-1.44, 3.589], [-1.469, 3.548], [-1.465, 3.515], [-1.453, 3.475], [-1.377, 3.522], [-1.472, 3.469], [-1.516, 3.422]]
E-Train Loss:  []
Test Loss:  [0.30788958072662354, 0.300672709941864, 0.2975620627403259, 0.2981451153755188, 0.3118317723274231]
E-Test Loss:  [0.35834017395973206, 0.3373149037361145, 0.37708139419555664, 0.3367415964603424, 0.36150193214416504]
Local Test Loss:  [0.16256988048553467, 0.15773504972457886, 0.15780006349086761, 0.15930168330669403, 0.16818518936634064]
Model Complexity:  []
Dataset	k
magic	2

E-F1	E-AUC	E-ACC
0.828	0.919	0.839

F1	AUC	ACC
0.861	0.930	0.877

SIL	HTFD	WDFD	W-HTFD
0.465	1.677	1.463	3.724

Train Loss	E-Train Loss	Test Loss	E-Test Loss
2.379	nan	0.303	0.354

k = 3
n_clusters 3
alpha 1.0
beta 0.0
gamma 0.0
delta 0.0
eta 0.04
attention False
magic


Experiment  Run
range(0, 5)
Test F1:  [0.8550615071582552, 0.8522934808840336, 0.8546966749660736, 0.8654789133392182, 0.8516329561055133]
Test AUC:  [0.9243356721683031, 0.9149133478696629, 0.9258839036633566, 0.9277126364524948, 0.9169915766284964]
Sil scores:  [0.13244422, -0.0013786624, 0.1620387, 0.12039478, 0.24481212]
HTFD:  [1.4528333333333332, 0.9432999999999998, 1.5088, 1.4671333333333332, 1.2421666666666666]
WDFD:  [0.94147267385816, 0.5276384087284415, 1.0126540264707915, 0.9551958361014045, 1.1438124923358715]
Train Loss:  [[14.908, 8.657], [8.7, 7.549], [5.557, 6.635], [4.383, 5.69], [3.493, 5.267], [2.697, 4.992], [2.005, 4.761], [1.427, 4.561], [0.88, 4.388], [0.446, 4.246], [0.098, 4.12], [-0.147, 3.997], [-0.454, 3.88], [-0.736, 3.837], [-1.055, 3.689], [-1.342, 3.598], [-1.644, 3.505], [-1.926, 3.421], [-2.159, 3.374], [-2.35, 3.338], [-2.491, 3.267], [-2.633, 3.196], [-2.704, 3.142], [-2.796, 3.071], [-2.978, 2.976], [-3.095, 2.953], [-3.23, 2.88], [-3.353, 2.825], [-3.333, 2.814], [-3.576, 2.763], [-3.688, 2.72], [-3.695, 2.719], [-3.802, 2.653], [-3.924, 2.604], [-3.935, 2.564], [-4.025, 2.524], [-4.162, 2.481], [-4.137, 2.434], [-4.122, 2.415], [-4.383, 2.372]]
E-Train Loss:  []
Test Loss:  [0.30795538425445557, 0.3185201585292816, 0.31268310546875, 0.304409921169281, 0.3224486708641052]
E-Test Loss:  [0.41046181321144104, 0.3209694027900696, 0.3829928934574127, 0.3550536632537842, 0.3492862284183502]
Local Test Loss:  [0.1042611300945282, 0.10680226981639862, 0.10749472677707672, 0.10288085788488388, 0.13130724430084229]
Model Complexity:  []
Dataset	k
magic	3

E-F1	E-AUC	E-ACC
0.833	0.923	0.844

F1	AUC	ACC
0.856	0.922	0.873

SIL	HTFD	WDFD	W-HTFD
0.132	1.323	0.916	1.667

Train Loss	E-Train Loss	Test Loss	E-Test Loss
1.395	nan	0.313	0.364

CAC
Titanic
k = 2
n_clusters 2
alpha 1.0
beta 0.0
gamma 0.0
delta 0.0
eta 0.04
attention False
titanic


Experiment  Run
range(0, 5)
Test F1:  [0.6420292036730393, 0.6420292036730393, 0.6723469267834059, 0.6640383426097711, 0.631918168727345]
Test AUC:  [0.6650446222495768, 0.6858458993691336, 0.6670833974457608, 0.662640406216341, 0.6703531312509617]
Sil scores:  [0.38446328, 0.35399252, 0.7281506, 0.6558654, 0.6499981]
HTFD:  [1.1130000000000002, 1.1176666666666666, 1.1146666666666667, 1.1146666666666667, 1.1146666666666667]
WDFD:  [1.8078043458106665, 1.782470115872188, 1.8209920012695398, 1.8209920012695398, 1.8209920012695398]
Train Loss:  [[0.824, 1.154], [0.769, 1.15], [0.711, 1.151], [0.663, 1.148], [0.621, 1.136], [0.609, 1.136], [0.553, 1.126], [0.531, 1.118], [0.512, 1.099], [0.478, 1.086], [0.466, 1.063], [0.419, 1.041], [0.404, 1.002], [0.371, 0.996], [0.358, 0.956], [0.345, 0.998], [0.316, 0.991], [0.293, 0.991], [0.29, 0.994], [0.278, 0.989], [0.261, 0.983], [0.257, 0.992], [0.245, 0.977], [0.235, 0.965], [0.225, 0.986], [0.215, 0.99], [0.202, 0.972], [0.196, 0.977], [0.19, 0.968], [0.185, 0.986], [0.175, 0.989], [0.169, 0.948], [0.159, 0.959], [0.147, 0.955], [0.149, 0.944], [0.143, 0.955], [0.131, 0.95], [0.132, 0.944], [0.123, 0.933], [0.12, 0.931], [0.117, 0.94], [0.112, 0.935], [0.108, 0.93], [0.101, 0.922], [0.1, 0.916], [0.094, 0.927], [0.091, 0.938], [0.085, 0.907], [0.081, 0.907], [0.076, 0.898]]
E-Train Loss:  []
Test Loss:  [0.6787969470024109, 0.6678048372268677, 0.6251312494277954, 0.6238775253295898, 0.6277912855148315]
E-Test Loss:  [0.6883149743080139, 0.6792700886726379, 0.6403607726097107, 0.6303223371505737, 0.6371554732322693]
Local Test Loss:  [0.5003070831298828, 0.4820498824119568, 0.518042802810669, 0.4792729318141937, 0.4814542531967163]
Model Complexity:  []
Dataset	k
titanic	2

E-F1	E-AUC	E-ACC
0.575	0.667	0.621

F1	AUC	ACC
0.650	0.670	0.663

SIL	HTFD	WDFD	W-HTFD
0.554	1.115	1.811	2.425

Train Loss	E-Train Loss	Test Loss	E-Test Loss
0.643	nan	0.645	0.655

k = 3
n_clusters 3
alpha 1.0
beta 0.0
gamma 0.0
delta 0.0
eta 0.04
attention False
titanic


Experiment  Run
range(0, 5)
Test F1:  [0.6723022455017217, 0.6678258875683112, 0.5946546018181056, 0.6369386464263125, 0.5807042123886565]
Test AUC:  [0.6310201569472227, 0.6486382520387751, 0.6531581781812585, 0.6610247730420065, 0.6370980150792429]
Sil scores:  [0.409212, 0.5293194, 0.5131893, 0.49515846, 0.493415]
HTFD:  [0.9636666666666667, 1.1711666666666667, 1.1453333333333333, 1.1752222222222224, 1.1436111111111114]
WDFD:  [2.2005972985139732, 1.926326452088846, 1.9117283972855947, 2.224730670542112, 1.9476828202559513]
Train Loss:  [[1.825, 0.823], [1.615, 0.813], [1.517, 0.818], [1.44, 0.821], [1.387, 0.821], [1.258, 0.812], [1.194, 0.828], [1.104, 0.823], [1.067, 0.824], [1.028, 0.827], [0.958, 0.827], [0.884, 0.835], [0.892, 0.829], [0.814, 0.818], [0.793, 0.808], [0.765, 0.828], [0.759, 0.839], [0.695, 0.821], [0.703, 0.82], [0.676, 0.824], [0.642, 0.808], [0.616, 0.814], [0.613, 0.825], [0.591, 0.83], [0.602, 0.811], [0.602, 0.797], [0.595, 0.792], [0.559, 0.805], [0.544, 0.79], [0.541, 0.786], [0.507, 0.771], [0.507, 0.773], [0.494, 0.772], [0.474, 0.777], [0.48, 0.743], [0.463, 0.781], [0.438, 0.769], [0.441, 0.752], [0.429, 0.761], [0.404, 0.742], [0.412, 0.758], [0.401, 0.735], [0.403, 0.727], [0.399, 0.725], [0.369, 0.732], [0.357, 0.722], [0.353, 0.729], [0.38, 0.716], [0.342, 0.712], [0.327, 0.709]]
E-Train Loss:  []
Test Loss:  [0.6402708888053894, 0.6336421966552734, 0.6516455411911011, 0.6295056939125061, 0.6505036950111389]
E-Test Loss:  [0.6568789482116699, 0.6314781308174133, 0.6597503423690796, 0.6398844718933105, 0.6582947373390198]
Local Test Loss:  [0.4149388074874878, 0.37923678755760193, 0.4272303283214569, 0.40293920040130615, 0.4075317978858948]
Model Complexity:  []
Dataset	k
titanic	3

E-F1	E-AUC	E-ACC
0.472	0.655	0.605

F1	AUC	ACC
0.630	0.646	0.656

SIL	HTFD	WDFD	W-HTFD
0.488	1.120	2.042	1.788

Train Loss	E-Train Loss	Test Loss	E-Test Loss
0.751	nan	0.641	0.649

CAC
CIC
k = 1
n_clusters 1
alpha 1.0
beta 0.0
gamma 0.0
delta 0.0
eta 0.04
attention False
cic
k = 2
n_clusters 2
alpha 1.0
beta 0.0
gamma 0.0
delta 0.0
eta 0.04
attention False
cic


Experiment  Run
range(0, 5)
Test F1:  [0.5973220081674687, 0.6496138580792692, 0.6597690419342171, 0.6393347406647203, 0.6196723892154703]
Test AUC:  [0.8292434884667375, 0.8145462093574222, 0.802922559265127, 0.8275574664612433, 0.8263056677955263]
Sil scores:  [0.122887075, 0.3299754, 0.22544202, 0.1728252, 0.4165869]
HTFD:  [1.3058632478632493, 1.3609316239316258, 0.9089401709401708, 0.9942649572649578, 0.9414358974358973]
WDFD:  [0.5657523085220879, 0.5655215532052288, 0.46477298203745976, 0.486439549128359, 0.6442524620181442]
Train Loss:  [[24.389, 6.189], [17.677, 4.989], [12.248, 4.154], [9.758, 4.097], [9.514, 3.98], [8.3, 3.902], [7.199, 3.771], [6.297, 3.67], [5.7, 3.541], [4.936, 3.455], [4.342, 3.369], [3.661, 3.413], [3.144, 3.393], [2.526, 3.516], [2.014, 3.501], [1.56, 3.523], [1.095, 3.569], [0.696, 3.494], [0.214, 3.533], [-0.11, 3.464], [-0.497, 3.574], [-0.777, 3.473], [-1.206, 3.378], [-1.464, 3.395], [-1.54, 3.449], [-1.902, 3.377], [-2.224, 3.399], [-2.474, 3.379]]
E-Train Loss:  []
Test Loss:  [0.3176923394203186, 0.3186490535736084, 0.3267490267753601, 0.32066670060157776, 0.3193758428096771]
E-Test Loss:  [0.32090088725090027, 0.3112170100212097, 0.31741201877593994, 0.3095129728317261, 0.3149835169315338]
Local Test Loss:  [0.176221564412117, 0.23349393904209137, 0.21018096804618835, 0.2021857500076294, 0.2521298825740814]
Model Complexity:  []
Dataset	k
cic	2

E-F1	E-AUC	E-ACC
0.628	0.836	0.869

F1	AUC	ACC
0.633	0.820	0.866

SIL	HTFD	WDFD	W-HTFD
0.254	1.102	0.545	0.064

Train Loss	E-Train Loss	Test Loss	E-Test Loss
3.875	nan	0.321	0.315

k = 3
n_clusters 3
alpha 1.0
beta 0.0
gamma 0.0
delta 0.0
eta 0.04
attention False
cic


Experiment  Run
range(0, 5)
Test F1:  [0.6511023052622231, 0.6663721932235216, 0.6638933646807662, 0.6390905799059128, 0.6605154085469046]
Test AUC:  [0.8014164038313396, 0.8175639707271697, 0.8280448321972064, 0.8272072716966323, 0.8213670586183339]
Sil scores:  [0.1628323, 0.18021746, 0.06348413, 0.10244261, 0.028373096]
HTFD:  [1.1181652421652426, 1.0592877492877502, 1.1653732193732205, 0.9111452991452994, 1.0373276353276355]
WDFD:  [0.628188181314593, 0.5749258759532219, 0.7363524591586055, 0.47510384806236594, 0.5391524606464714]
Train Loss:  [[54.224, 4.466], [39.083, 3.064], [32.014, 3.162], [23.867, 3.139], [16.331, 2.81], [9.746, 2.57], [7.51, 2.505], [6.065, 2.361], [4.891, 2.391], [4.536, 2.266], [3.695, 2.143], [3.245, 2.099], [2.668, 2.175], [2.015, 2.16], [1.37, 2.149], [0.884, 2.096], [0.208, 2.103], [-0.275, 2.164], [-0.472, 2.062], [-1.018, 2.042], [-1.488, 2.011], [-1.866, 1.983], [-2.246, 1.903], [-2.571, 1.902], [-2.707, 1.895], [-3.014, 1.82], [-3.219, 1.844], [-3.563, 1.858], [-3.707, 1.788], [-4.028, 1.767], [-3.921, 1.749], [-4.26, 1.751], [-4.564, 1.7], [-4.733, 1.713], [-4.682, 1.683], [-4.808, 1.623], [-4.927, 1.687], [-5.142, 1.702], [-4.971, 1.668], [-5.195, 1.663], [-5.573, 1.647], [-5.849, 1.575], [-6.114, 1.569], [-6.38, 1.537], [-6.437, 1.483], [-6.597, 1.434], [-6.719, 1.41], [-6.829, 1.363], [-6.884, 1.361], [-6.896, 1.356]]
E-Train Loss:  []
Test Loss:  [0.34215644001960754, 0.3181523084640503, 0.3186829090118408, 0.31698310375213623, 0.31911998987197876]
E-Test Loss:  [0.3127650022506714, 0.30742162466049194, 0.3124006390571594, 0.312113493680954, 0.30752474069595337]
Local Test Loss:  [0.14251300692558289, 0.15428152680397034, 0.1406068205833435, 0.1324773132801056, 0.1379297822713852]
Model Complexity:  []
Dataset	k
cic	3

E-F1	E-AUC	E-ACC
0.644	0.843	0.867

F1	AUC	ACC
0.656	0.819	0.863

SIL	HTFD	WDFD	W-HTFD
0.107	1.058	0.591	0.080

Train Loss	E-Train Loss	Test Loss	E-Test Loss
1.711	nan	0.323	0.310

k = 4
n_clusters 4
alpha 1.0
beta 0.0
gamma 0.0
delta 0.0
eta 0.04
attention False
cic


Experiment  Run
range(0, 5)
Test F1:  [0.6374534935267364, 0.5480942098345589, 0.6429070748033985, 0.6614208435531687, 0.6160882354053641]
Test AUC:  [0.8145153231784421, 0.7788590463801398, 0.8272513299225301, 0.8203796093080042, 0.8021628955247744]
Sil scores:  [0.012988573, 0.15280317, 0.02404251, 0.06357646, 0.047738872]
HTFD:  [0.9759123931623939, 0.7608952991452996, 1.0420299145299152, 0.9724914529914537, 0.7258354700854703]
WDFD:  [0.6548103706277641, 0.6163424231405172, 0.6643550333653502, 0.7199119090778088, 0.4465554003849899]
Train Loss:  [[99.322, 3.862], [76.744, 2.425], [51.01, 2.158], [38.499, 2.14], [31.773, 2.187], [33.185, 2.143], [35.935, 2.084], [27.119, 2.054], [22.125, 2.14], [19.113, 2.184], [17.862, 2.022], [15.156, 1.94], [14.675, 1.956], [13.5, 1.807], [12.405, 1.754], [10.675, 1.731], [10.799, 1.707], [10.59, 1.636], [8.586, 1.655], [7.498, 1.663], [6.92, 1.653], [6.135, 1.595], [4.594, 1.634], [3.661, 1.587], [2.737, 1.583], [2.0, 1.531], [1.244, 1.52], [0.806, 1.483], [-0.023, 1.502], [-0.62, 1.499], [-0.922, 1.465], [-1.131, 1.403], [-1.591, 1.401], [-2.314, 1.412], [-2.807, 1.392], [-3.084, 1.346], [-3.473, 1.381], [-3.74, 1.4], [-3.479, 1.31], [-3.564, 1.363], [-4.224, 1.314], [-4.399, 1.289], [-4.548, 1.269], [-4.873, 1.266], [-4.832, 1.241], [-5.176, 1.223]]
E-Train Loss:  []
Test Loss:  [0.33118996024131775, 0.3365948498249054, 0.3155527710914612, 0.31671619415283203, 0.3263910114765167]
E-Test Loss:  [0.3109593093395233, 0.3424437344074249, 0.3092937171459198, 0.30326971411705017, 0.3198656141757965]
Local Test Loss:  [0.08924996107816696, 0.16318383812904358, 0.08454655110836029, 0.10482904314994812, 0.11152936518192291]
Model Complexity:  []
Dataset	k
cic	4

E-F1	E-AUC	E-ACC
0.596	0.830	0.867

F1	AUC	ACC
0.621	0.809	0.864

SIL	HTFD	WDFD	W-HTFD
0.060	0.895	0.620	0.075

Train Loss	E-Train Loss	Test Loss	E-Test Loss
6.611	nan	0.325	0.317

CAC
Sepsis
k = 1
n_clusters 1
alpha 1.0
beta 0.0
gamma 0.0
delta 0.0
eta 0.04
attention False
sepsis
k = 2
n_clusters 2
alpha 1.0
beta 0.0
gamma 0.0
delta 0.0
eta 0.04
attention False
sepsis


Experiment  Run
range(0, 5)
Test F1:  [0.7991261084256615, 0.7901857341710549, 0.7829246486400945, 0.7985934045952174, 0.7701899624575965]
Test AUC:  [0.8793890543773264, 0.8611507432061835, 0.8737769710870207, 0.8702210536728561, 0.86183837675178]
Sil scores:  [0.12677337, 0.0062437844, 0.14474767, 0.07266694, 0.043154337]
HTFD:  [1.409662921348317, 0.9447528089887639, 1.4918202247191032, 1.2862247191011251, 1.0988876404494379]
WDFD:  [1.0825187693440117, 0.1877010078813641, 0.8471751675308422, 0.4205033883070772, 0.31164266150591013]
Train Loss:  [[86.347, 13.789], [25.909, 7.67], [10.002, 7.178], [0.297, 6.877], [-6.882, 6.728], [-12.199, 6.609], [-16.69, 6.371], [-20.134, 5.961], [-23.192, 5.435], [-25.656, 5.055], [-27.921, 4.793], [-29.715, 4.586], [-31.611, 4.425], [-32.805, 4.437], [-34.16, 4.227], [-34.948, 4.265], [-36.458, 4.046], [-36.388, 4.291], [-36.952, 4.013], [-37.355, 3.861], [-39.15, 3.843], [-40.121, 3.627], [-40.971, 3.587], [-40.633, 3.541], [-39.651, 3.808], [-42.159, 3.474], [-43.113, 3.435], [-44.015, 3.293], [-44.266, 3.256], [-44.691, 3.224], [-45.139, 3.009], [-44.456, 3.152], [-44.937, 2.939], [-45.893, 2.805], [-46.134, 2.772], [-46.065, 2.658], [-46.391, 2.579], [-45.524, 2.743], [-46.221, 2.63], [-47.106, 2.5], [-47.511, 2.423], [-47.524, 2.363], [-47.593, 2.316], [-47.191, 2.422], [-47.392, 2.446], [-47.455, 2.64], [-47.847, 2.863], [-47.975, 2.844], [-48.398, 2.729], [-48.384, 2.757]]
E-Train Loss:  []
Test Loss:  [0.16054926812648773, 0.17204920947551727, 0.1787058562040329, 0.16021373867988586, 0.1886320561170578]
E-Test Loss:  [0.14810986816883087, 0.15768176317214966, 0.18527111411094666, 0.16008701920509338, 0.18058866262435913]
Local Test Loss:  [0.08028741925954819, 0.08608338981866837, 0.09611739218235016, 0.08892463147640228, 0.09543458372354507]
Model Complexity:  []
Dataset	k
sepsis	2

E-F1	E-AUC	E-ACC
0.789	0.877	0.950

F1	AUC	ACC
0.788	0.869	0.948

SIL	HTFD	WDFD	W-HTFD
0.079	1.246	0.570	0.436

Train Loss	E-Train Loss	Test Loss	E-Test Loss
-14.711	nan	0.172	0.166

k = 3
n_clusters 3
alpha 1.0
beta 0.0
gamma 0.0
delta 0.0
eta 0.04
attention False
sepsis


Experiment  Run
range(0, 5)
Test F1:  [0.783068731838569, 0.7879061354580831, 0.8008928365831129, 0.7525388575601195, 0.7890510174492769]
Test AUC:  [0.8734887522979655, 0.8795382691549266, 0.8795184269568861, 0.8500550439953671, 0.8548556248358854]
Sil scores:  [-0.026891604, 0.075411975, 0.07181384, -0.05638216, 0.06291565]
HTFD:  [1.2698539325842704, 1.396310861423223, 1.4281573033707884, 1.2250786516853942, 1.4324307116104886]
WDFD:  [0.7271854586990316, 0.8474783810733161, 1.002149474592385, 0.5083844488373054, 0.8203544922136556]
Train Loss:  [[184.938, 12.281], [50.351, 6.262], [32.966, 6.181], [18.497, 5.665], [10.534, 5.338], [5.542, 5.148], [0.972, 4.899], [-2.657, 4.538], [-5.792, 4.104], [-8.496, 3.882], [-11.814, 3.677], [-15.599, 3.411], [-19.88, 3.193], [-22.343, 3.09], [-21.88, 3.327], [-20.354, 3.21], [-21.843, 3.067], [-23.508, 2.895], [-26.062, 2.81], [-27.037, 2.716], [-28.414, 2.55], [-29.068, 2.438], [-29.438, 2.346], [-30.256, 2.268], [-30.086, 2.301], [-28.022, 2.456], [-28.78, 2.388], [-29.543, 2.326], [-29.565, 2.408], [-31.261, 2.438], [-30.807, 2.358], [-32.281, 2.246], [-32.867, 2.187], [-33.322, 2.188], [-32.907, 2.254], [-33.589, 2.225], [-34.161, 2.202], [-33.882, 2.335], [-34.166, 2.176], [-33.343, 2.223], [-33.578, 2.21], [-35.366, 2.13], [-36.12, 2.059], [-35.827, 2.16], [-36.318, 2.141], [-35.768, 2.194], [-36.83, 2.195], [-37.409, 2.091], [-36.74, 2.137], [-36.408, 2.294]]
E-Train Loss:  []
Test Loss:  [0.1701711118221283, 0.1589035987854004, 0.16118593513965607, 0.22207356989383698, 0.1708051860332489]
E-Test Loss:  [0.16889479756355286, 0.15214861929416656, 0.1494794636964798, 0.18253228068351746, 0.163044735789299]
Local Test Loss:  [0.05945214256644249, 0.052980974316596985, 0.053740255534648895, 0.07476197928190231, 0.05695156380534172]
Model Complexity:  []
Dataset	k
sepsis	3

E-F1	E-AUC	E-ACC
0.786	0.882	0.948

F1	AUC	ACC
0.783	0.867	0.945

SIL	HTFD	WDFD	W-HTFD
0.025	1.350	0.781	0.416

Train Loss	E-Train Loss	Test Loss	E-Test Loss
-7.520	nan	0.177	0.163

k = 4
n_clusters 4
alpha 1.0
beta 0.0
gamma 0.0
delta 0.0
eta 0.04
attention False
sepsis
CAC
Diabetes
k = 1
n_clusters 1
alpha 1.0
beta 0.0
gamma 0.0
delta 0.0
eta 0.04
attention False
diabetes
k = 2
n_clusters 2
alpha 1.0
beta 0.0
gamma 0.0
delta 0.0
eta 0.04
attention False
diabetes


Experiment  Run
range(0, 5)
Test F1:  [0.489091146477557, 0.4944412588252385, 0.47351828821402164, 0.4694609888885104, 0.4766985946463838]
Test AUC:  [0.5543245742579178, 0.5766772000788666, 0.5720473044437037, 0.5679755242114528, 0.5651334615621673]
Sil scores:  [0.36297488, 0.110257275, 0.40439218, 0.31691563, 0.33417678]
HTFD:  [1.2692222222222223, 1.156, 1.318, 1.3568888888888888, 1.3344444444444443]
WDFD:  [1.1122461392052045, 0.6777538296689549, 1.1634073078746106, 1.0227652999526997, 1.0920799668197003]
Train Loss:  [[20.672, 35.486], [7.182, 33.085], [2.422, 32.689], [-0.093, 33.834], [-1.705, 34.488], [-2.787, 34.325], [-3.619, 33.678], [-4.262, 32.773], [-4.788, 31.738], [-5.215, 30.657], [-5.627, 29.634], [-5.861, 28.733], [-6.204, 27.962], [-6.365, 27.313], [-6.549, 26.839], [-6.685, 26.458], [-6.848, 26.162], [-6.88, 25.98], [-6.945, 25.829], [-7.222, 25.937], [-7.492, 25.861], [-7.594, 25.749], [-7.675, 25.69], [-7.763, 25.65], [-7.705, 25.635], [-7.863, 25.639], [-7.872, 25.632], [-7.9, 25.615], [-7.904, 25.616], [-8.022, 25.595], [-8.018, 25.586], [-8.025, 25.595]]
E-Train Loss:  []
Test Loss:  [0.6669398546218872, 0.6666344404220581, 0.6669607758522034, 0.6679826378822327, 0.6671527624130249]
E-Test Loss:  [0.667094349861145, 0.6700653433799744, 0.6679285764694214, 0.6699252128601074, 0.6677535176277161]
Local Test Loss:  [0.3465918004512787, 0.3350047171115875, 0.342473566532135, 0.33785170316696167, 0.3374522924423218]
Model Complexity:  []
Dataset	k
diabetes	2

E-F1	E-AUC	E-ACC
0.428	0.566	0.593

F1	AUC	ACC
0.481	0.567	0.594

SIL	HTFD	WDFD	W-HTFD
0.306	1.287	1.014	1.774

Train Loss	E-Train Loss	Test Loss	E-Test Loss
11.879	nan	0.667	0.669

k = 3
n_clusters 3
alpha 1.0
beta 0.0
gamma 0.0
delta 0.0
eta 0.04
attention False
diabetes


Experiment  Run
range(0, 5)
Test F1:  [0.4345195998789515, 0.4901972040762661, 0.43106886837087877, 0.4807145391784082, 0.47101788658880794]
Test AUC:  [0.5693508990396239, 0.574078058882177, 0.5699946034183938, 0.5745698631748317, 0.5731033415129809]
Sil scores:  [0.12241103, 0.029502194, 0.3530141, -0.0050255307, 0.0265623]
HTFD:  [1.264185185185185, 1.4044074074074073, 1.3196666666666665, 1.3192592592592591, 1.5376666666666665]
WDFD:  [0.7344414997675851, 1.1900967057804936, 0.8506999262085148, 0.984401498908472, 0.9364409476936842]
Train Loss:  [[36.621, 28.684], [13.655, 30.685], [5.714, 29.572], [1.605, 26.975], [-0.695, 24.406], [-2.202, 22.228], [-3.063, 20.58], [-3.719, 19.334], [-4.773, 18.535], [-5.033, 17.978], [-5.316, 17.598], [-5.558, 17.374], [-5.708, 17.233], [-5.755, 17.192], [-6.015, 17.166], [-6.108, 17.161], [-6.37, 17.153], [-6.395, 17.128], [-6.68, 17.115], [-6.75, 17.108], [-6.858, 17.105], [-6.917, 17.108], [-7.081, 17.097], [-7.122, 17.09], [-7.117, 17.09], [-7.121, 17.094], [-7.23, 17.09], [-7.183, 17.086], [-7.267, 17.078], [-7.39, 17.089], [-7.426, 17.086], [-7.429, 17.087], [-7.286, 17.085], [-7.668, 17.092], [-7.451, 17.103], [-7.735, 17.083], [-7.618, 17.091], [-7.711, 17.088], [-7.822, 17.094], [-7.616, 17.088], [-7.905, 17.083], [-7.782, 17.082], [-7.979, 17.094], [-7.459, 17.099], [-7.987, 17.079], [-7.996, 17.066], [-8.089, 17.08], [-8.062, 17.077], [-8.139, 17.081], [-7.984, 17.074]]
E-Train Loss:  []
Test Loss:  [0.6666444540023804, 0.6669184565544128, 0.6669216752052307, 0.6666275262832642, 0.6658957600593567]
E-Test Loss:  [0.6729364395141602, 0.668522834777832, 0.6698709726333618, 0.6705790162086487, 0.6657211184501648]
Local Test Loss:  [0.2314920723438263, 0.22331231832504272, 0.24924522638320923, 0.2235165685415268, 0.22196635603904724]
Model Complexity:  []
Dataset	k
diabetes	3

E-F1	E-AUC	E-ACC
0.443	0.569	0.593

F1	AUC	ACC
0.462	0.572	0.595

SIL	HTFD	WDFD	W-HTFD
0.105	1.369	0.939	1.643

Train Loss	E-Train Loss	Test Loss	E-Test Loss
6.749	nan	0.667	0.670

k = 4
n_clusters 4
alpha 1.0
beta 0.0
gamma 0.0
delta 0.0
eta 0.04
attention False
diabetes


Experiment  Run
range(0, 5)
Test F1:  [0.46519115820549584, 0.37319957004657833, 0.4094123403397806, 0.48153541467859595, 0.4970419779762568]
Test AUC:  [0.5500030125691819, 0.5514954143841131, 0.5640429650961917, 0.5563954137710193, 0.5522300926552886]
Sil scores:  [0.075618826, -0.014836602, 0.06422805, 0.04223128, 0.14724527]
HTFD:  [1.6870277777777776, 1.4643055555555553, 0.9588611111111112, 1.5271666666666666, 1.5955]
WDFD:  [1.1163394796221946, 1.0831739896282164, 1.1476114034021538, 0.9200511171335255, 0.8695836212962368]
Train Loss:  [[49.502, 23.211], [18.171, 21.37], [8.953, 19.613], [4.172, 17.859], [0.522, 16.418], [-1.68, 15.166], [-2.573, 14.206], [-4.268, 13.58], [-5.158, 13.234], [-5.902, 13.026], [-6.107, 12.924], [-6.254, 12.907], [-6.595, 12.886], [-7.031, 12.881], [-6.95, 12.865], [-7.401, 12.842], [-7.818, 12.841], [-7.877, 12.849], [-7.906, 12.859], [-8.024, 12.847]]
E-Train Loss:  []
Test Loss:  [0.667023777961731, 0.6670362949371338, 0.6671725511550903, 0.6673423647880554, 0.6695095896720886]
E-Test Loss:  [0.6677428483963013, 0.6679108142852783, 0.668126106262207, 0.6670162677764893, 0.6679331064224243]
Local Test Loss:  [0.16675914824008942, 0.166763037443161, 0.16959699988365173, 0.1668529063463211, 0.19018420577049255]
Model Complexity:  []
Dataset	k
diabetes	4

E-F1	E-AUC	E-ACC
0.411	0.569	0.595

F1	AUC	ACC
0.445	0.555	0.592

SIL	HTFD	WDFD	W-HTFD
0.063	1.447	1.027	2.191

Train Loss	E-Train Loss	Test Loss	E-Test Loss
7.154	nan	0.668	0.668

