ExpertNet
CIC
k = 1
n_clusters 1
alpha 1.0
beta 0.5
gamma 1.5
delta 1.0
cic


Experiment  Run
range(0, 5)
Test F1:  [0.6314310005438154, 0.6918156138496101, 0.7179118281779879, 0.6875390576177978, 0.6593212285875822]
Test AUC:  [0.824765446723158, 0.7865342618566591, 0.8525080485748753, 0.856281612912603, 0.852844617084054]
Sil scores:  [0, 0, 0, 0, 0]
NHFD:  [1.8019999999999992, 1.8019999999999992, 1.8019999999999992, 1.8019999999999992, 1.8019999999999992]
WDFD:  [0, 0, 0, 0, 0]
Train Loss:  [[17.925, 7.414], [14.863, 5.819], [13.502, 4.933], [12.816, 4.507], [12.275, 4.208], [12.058, 3.985], [11.814, 3.829], [11.299, 3.517], [11.175, 3.428], [12.6, 3.77], [12.533, 3.688], [12.267, 3.593], [11.642, 3.225], [11.248, 3.123], [10.596, 2.876], [10.21, 2.734], [9.924, 2.601], [14.05, 4.072], [14.133, 4.197], [11.971, 3.246]]
E-Train Loss:  []
Test Loss:  [0.319440633058548, 0.3156490921974182, 0.3007476031780243, 0.29724255204200745, 0.30091026425361633]
E-Test Loss:  [0.319440633058548, 0.3156490921974182, 0.3007476031780243, 0.29724255204200745, 0.30091026425361633]
Local Test Loss:  [0.319440633058548, 0.3156490921974182, 0.3007476031780243, 0.29724255204200745, 0.30091026425361633]
Model Complexity:  []
Dataset	k
cic	1

E-F1	E-AUC	E-ACC
0.678	0.835	0.873

F1	AUC	ACC
0.678	0.835	0.873

SIL	NHFD	WDFD	W-NHFD
0.000	1.802	0.000	0.000

Train Loss	E-Train Loss	Test Loss	E-Test Loss
8.192	nan	0.307	0.307

k = 2
n_clusters 2
alpha 1.0
beta 0.5
gamma 1.5
delta 1.0
cic


Experiment  Run
range(0, 5)
Test F1:  [0.723076923076923, 0.7075222283106484, 0.70782368171212, 0.7088509316770186, 0.7104418360598994]
Test AUC:  [0.8296899754364034, 0.7492732663769422, 0.8129710142294443, 0.8569533873054171, 0.8574911701864799]
Sil scores:  [0.3319474, 0.3811267, 0.34368598, 0.3661368, 0.36674038]
NHFD:  [1.252367521367523, 1.2334273504273514, 1.3135213675213688, 1.3166581196581209, 1.3948034188034202]
WDFD:  [0.5521051542339168, 0.5425233824668677, 0.5532491235293147, 0.5127497999732502, 0.5244859613075643]
Train Loss:  [[18.187, 4.854], [15.065, 3.774], [12.196, 3.467], [11.332, 3.171], [10.925, 2.937], [10.542, 2.764], [10.511, 2.703], [10.569, 2.67], [10.544, 2.61], [10.141, 2.488], [10.353, 2.552], [10.119, 2.404], [10.275, 2.391], [12.614, 2.273], [11.052, 1.865], [9.965, 1.8], [9.592, 1.768], [9.376, 1.735], [9.365, 1.907], [9.236, 1.887], [9.726, 2.03], [9.708, 1.831], [9.159, 1.633], [9.845, 1.931], [11.405, 1.771], [10.024, 1.414]]
E-Train Loss:  []
Test Loss:  [0.3116396963596344, 0.3093913495540619, 0.3291833996772766, 0.3022861182689667, 0.30059412121772766]
E-Test Loss:  [0.31710419058799744, 0.30463582277297974, 0.3265376687049866, 0.3010964095592499, 0.30029410123825073]
Local Test Loss:  [0.17836308479309082, 0.18547800183296204, 0.19039934873580933, 0.208440899848938, 0.23064099252223969]
Model Complexity:  []
Dataset	k
cic	2

E-F1	E-AUC	E-ACC
0.712	0.851	0.873

F1	AUC	ACC
0.712	0.821	0.871

SIL	NHFD	WDFD	W-NHFD
0.358	1.302	0.537	0.055

Train Loss	E-Train Loss	Test Loss	E-Test Loss
6.624	nan	0.311	0.310

k = 3
n_clusters 3
alpha 1.0
beta 0.5
gamma 1.5
delta 1.0
cic


Experiment  Run
range(0, 5)
Test F1:  [0.7174052665382146, 0.6989759652192142, 0.6769628484546636, 0.7171418334656829, 0.6816012441012441]
Test AUC:  [0.8430800424412437, 0.8529972311448961, 0.8409961337771255, 0.8284050195491344, 0.8147092702140957]
Sil scores:  [0.27341333, 0.27427292, 0.33268407, 0.33328915, 0.31196463]
NHFD:  [1.0846809116809129, 1.0766809116809128, 1.0740085470085483, 1.0862193732193743, 1.0871054131054145]
WDFD:  [0.49427338316893654, 0.49233135520049354, 0.5001197370771693, 0.4966000568711498, 0.5071788721946383]
Train Loss:  [[18.63, 4.283], [15.283, 3.146], [11.692, 2.829], [10.839, 2.506], [10.335, 2.326], [10.368, 2.281], [10.233, 2.203], [10.131, 2.127], [10.206, 2.013], [9.974, 2.014], [10.258, 2.025], [10.567, 1.82], [9.761, 1.88], [9.807, 1.814], [9.397, 1.511], [9.211, 1.549], [9.698, 1.8], [9.863, 1.828], [9.421, 1.585], [9.3, 1.77], [9.605, 1.609], [9.556, 1.451], [11.26, 1.675], [11.572, 1.216], [9.571, 1.246], [9.383, 1.567], [9.348, 1.242], [9.117, 1.142]]
E-Train Loss:  []
Test Loss:  [0.3129861652851105, 0.30523133277893066, 0.30793511867523193, 0.3404197096824646, 0.30514636635780334]
E-Test Loss:  [0.3095751404762268, 0.3019849359989166, 0.3034428656101227, 0.331924706697464, 0.29899513721466064]
Local Test Loss:  [0.18384698033332825, 0.2063230574131012, 0.16700614988803864, 0.22376778721809387, 0.1614282876253128]
Model Complexity:  []
Dataset	k
cic	3

E-F1	E-AUC	E-ACC
0.693	0.853	0.872

F1	AUC	ACC
0.698	0.836	0.871

SIL	NHFD	WDFD	W-NHFD
0.305	1.082	0.498	0.041

Train Loss	E-Train Loss	Test Loss	E-Test Loss
6.229	nan	0.314	0.309

k = 4
n_clusters 4
alpha 1.0
beta 0.5
gamma 1.5
delta 1.0
cic


Experiment  Run
range(0, 5)
Test F1:  [0.72259184290561, 0.7209156942129078, 0.7101570151197538, 0.7123368743237346, 0.689445002532276]
Test AUC:  [0.8350482732809117, 0.7808793658522404, 0.8437440952893127, 0.8248640099707854, 0.7354376208194648]
Sil scores:  [0.20622948, 0.21779759, 0.22072816, 0.24340294, 0.26736456]
NHFD:  [0.9995662393162401, 0.9231944444444453, 0.899288461538462, 0.9781282051282059, 0.8717713675213683]
WDFD:  [0.6393646326545325, 0.4595707918262011, 0.4343436055058818, 0.49661409213253244, 0.4962675358327073]
Train Loss:  [[17.099, 3.313], [14.318, 2.301], [10.826, 2.056], [10.354, 1.862], [9.759, 1.764], [9.378, 1.673], [9.469, 1.713], [9.597, 1.773], [9.531, 1.646], [9.521, 1.629], [9.587, 1.681], [9.496, 1.659], [9.65, 1.668], [9.693, 1.63], [9.653, 1.628], [9.731, 1.63], [9.708, 1.577], [9.748, 1.392], [9.63, 1.485], [10.432, 1.427], [9.185, 1.217], [9.074, 1.363], [9.707, 1.233], [9.857, 1.124], [9.422, 1.347], [9.741, 1.094], [8.642, 1.032], [8.973, 1.269], [9.794, 1.057], [9.152, 0.977], [9.246, 1.171], [9.53, 0.976], [8.648, 0.837], [8.849, 1.136], [10.083, 0.932], [9.521, 0.822], [8.449, 0.774], [8.024, 0.723], [8.921, 0.942], [9.767, 0.748], [8.895, 0.881], [10.668, 0.955], [8.68, 0.723], [7.938, 0.632], [7.867, 0.524], [7.575, 0.452], [7.601, 0.423], [7.559, 0.416], [7.485, 0.363], [7.659, 0.357]]
E-Train Loss:  []
Test Loss:  [0.32553955912590027, 0.3603612184524536, 0.30970922112464905, 0.3256807029247284, 0.36562010645866394]
E-Test Loss:  [0.313120573759079, 0.3410389721393585, 0.30445346236228943, 0.31987854838371277, 0.35955554246902466]
Local Test Loss:  [0.18406611680984497, 0.14525355398654938, 0.1715920865535736, 0.14320328831672668, 0.15868113934993744]
Model Complexity:  []
Dataset	k
cic	4

E-F1	E-AUC	E-ACC
0.708	0.837	0.869

F1	AUC	ACC
0.711	0.804	0.868

SIL	NHFD	WDFD	W-NHFD
0.231	0.934	0.505	0.044

Train Loss	E-Train Loss	Test Loss	E-Test Loss
5.357	nan	0.337	0.328

ExpertNet
Sepsis
k = 1
n_clusters 1
alpha 1.0
beta 0.5
gamma 1.5
delta 1.0
sepsis


Experiment  Run
range(0, 5)
Test F1:  [0.822140864334391, 0.7977620966540684, 0.815097723151696, 0.812276214284654, 0.78067515656704]
Test AUC:  [0.9101274433965093, 0.9111316469009889, 0.9099030237916644, 0.8968912489678798, 0.9141749621296442]
Sil scores:  [0, 0, 0, 0, 0]
NHFD:  [1.8020000000000012, 1.8020000000000012, 1.8020000000000012, 1.8020000000000012, 1.8020000000000012]
WDFD:  [0, 0, 0, 0, 0]
Train Loss:  [[37.384, 17.0], [25.181, 10.562], [22.119, 8.404], [19.76, 6.722], [18.57, 6.015], [17.642, 5.412], [16.944, 5.018], [16.497, 4.667], [16.355, 4.634], [15.718, 4.295], [15.119, 3.852], [14.695, 3.636], [14.494, 3.479], [13.955, 3.246], [22.454, 5.77], [21.468, 4.864], [17.391, 4.212], [15.055, 3.468], [17.907, 3.853], [16.698, 3.716], [14.653, 3.127], [15.09, 3.076], [15.416, 3.398], [15.048, 3.253], [18.295, 4.223], [14.658, 3.282], [13.744, 2.956], [13.577, 2.829], [14.651, 3.167], [13.508, 2.817], [13.182, 2.57], [12.481, 2.32]]
E-Train Loss:  []
Test Loss:  [0.16441361606121063, 0.18920646607875824, 0.15665380656719208, 0.1716574728488922, 0.18861068785190582]
E-Test Loss:  [0.16441361606121063, 0.18920646607875824, 0.15665380656719208, 0.1716574728488922, 0.18861068785190582]
Local Test Loss:  [0.16441361606121063, 0.18920646607875824, 0.15665380656719208, 0.1716574728488922, 0.18861068785190582]
Model Complexity:  []
Dataset	k
sepsis	1

E-F1	E-AUC	E-ACC
0.806	0.908	0.945

F1	AUC	ACC
0.806	0.908	0.945

SIL	NHFD	WDFD	W-NHFD
0.000	1.802	0.000	0.000

Train Loss	E-Train Loss	Test Loss	E-Test Loss
10.931	nan	0.174	0.174

k = 2
n_clusters 2
alpha 1.0
beta 0.5
gamma 1.5
delta 1.0
sepsis


Experiment  Run
range(0, 5)
Test F1:  [0.83215628256443, 0.8138402726133598, 0.8317994090183921, 0.8012849390186894, 0.8242268432524881]
Test AUC:  [0.7373586008035076, 0.9010133569856196, 0.8961268174258529, 0.9059010552138852, 0.8992858546708173]
Sil scores:  [0.22988296, 0.37947044, 0.3418184, 0.40192616, 0.43001375]
NHFD:  [0.3563258426966292, 1.449516853932586, 1.5189438202247207, 1.551561797752811, 1.537808988764047]
WDFD:  [1.2032764988789018, 0.6585381511330849, 0.5149393771333485, 0.6525812885829416, 0.642086992734628]
Train Loss:  [[34.508, 10.31], [26.657, 7.163], [20.713, 6.229], [19.911, 5.258], [18.874, 4.607], [19.55, 4.237], [19.554, 4.043], [22.275, 3.752], [17.87, 3.809], [15.987, 3.152], [16.49, 3.253], [17.442, 3.164], [16.834, 3.172], [16.086, 3.031], [17.933, 2.893], [17.723, 2.914], [17.411, 3.153], [17.462, 2.771], [18.947, 3.41], [17.199, 2.835], [16.894, 2.669], [16.267, 2.552], [16.815, 2.561], [17.018, 2.381], [19.248, 2.439], [16.353, 2.622], [17.238, 2.492], [16.813, 2.521], [17.336, 2.163], [15.67, 2.377], [15.613, 2.102], [14.748, 2.046], [15.378, 2.107], [17.543, 2.104], [16.795, 2.059], [15.873, 1.977], [13.761, 1.766], [13.381, 1.833], [13.982, 1.677], [15.267, 1.664]]
E-Train Loss:  []
Test Loss:  [0.15550366044044495, 0.16822713613510132, 0.1698625236749649, 0.1747845858335495, 0.16303406655788422]
E-Test Loss:  [0.15648797154426575, 0.15969857573509216, 0.1702881008386612, 0.17462128400802612, 0.16401956975460052]
Local Test Loss:  [0.07832501083612442, 0.10153890401124954, 0.08532489091157913, 0.11852218210697174, 0.11363434791564941]
Model Complexity:  []
Dataset	k
sepsis	2

E-F1	E-AUC	E-ACC
0.822	0.909	0.952

F1	AUC	ACC
0.821	0.868	0.952

SIL	NHFD	WDFD	W-NHFD
0.357	1.283	0.734	0.245

Train Loss	E-Train Loss	Test Loss	E-Test Loss
10.484	nan	0.166	0.165

k = 3
n_clusters 3
alpha 1.0
beta 0.5
gamma 1.5
delta 1.0
sepsis


Experiment  Run
range(0, 5)
Test F1:  [0.8115527954141957, 0.8025050403354765, 0.8142495572490251, 0.8200414363173385, 0.8176615740484341]
Test AUC:  [0.8928233811192361, 0.8574128062125488, 0.88463510704721, 0.9096708555912345, 0.8967978675285615]
Sil scores:  [0.42112976, 0.27384523, 0.38330206, 0.3282261, 0.33618495]
NHFD:  [1.411220973782773, 1.3238539325842706, 1.2943108614232226, 1.3198838951310878, 1.246134831460675]
WDFD:  [0.798004756667861, 0.6906934475661006, 0.7225493214271594, 0.6578711021894825, 0.6706698068952798]
Train Loss:  [[40.042, 10.027], [27.816, 5.183], [18.133, 4.635], [17.585, 4.349], [18.713, 4.19], [17.17, 3.764], [17.715, 3.473], [17.726, 3.232], [17.845, 3.035], [18.644, 3.0], [18.143, 2.777], [16.214, 2.773], [17.388, 2.581], [16.683, 2.538], [17.157, 2.581], [18.128, 2.386], [16.775, 2.315], [16.016, 2.329], [16.698, 2.232], [17.688, 2.136], [14.858, 1.927], [14.235, 1.809], [14.991, 1.887], [14.451, 1.926], [17.286, 1.97], [16.739, 1.993], [16.907, 1.852], [16.128, 1.798], [15.342, 1.714], [15.25, 1.7], [16.887, 1.697], [17.472, 1.673], [16.029, 1.839], [17.061, 1.6]]
E-Train Loss:  []
Test Loss:  [0.21630707383155823, 0.16042448580265045, 0.17765283584594727, 0.18459828197956085, 0.15780755877494812]
E-Test Loss:  [0.21557752788066864, 0.1573711782693863, 0.17433945834636688, 0.1791653335094452, 0.15786615014076233]
Local Test Loss:  [0.1546848863363266, 0.08503913134336472, 0.10685393959283829, 0.11246354132890701, 0.0816437155008316]
Model Complexity:  []
Dataset	k
sepsis	3

E-F1	E-AUC	E-ACC
0.814	0.899	0.952

F1	AUC	ACC
0.813	0.888	0.951

SIL	NHFD	WDFD	W-NHFD
0.349	1.319	0.708	0.236

Train Loss	E-Train Loss	Test Loss	E-Test Loss
10.306	nan	0.179	0.177

k = 4
n_clusters 4
alpha 1.0
beta 0.5
gamma 1.5
delta 1.0
sepsis


Experiment  Run
range(0, 5)
Test F1:  [0.8159496849766024, 0.8036169658074002, 0.8216149389203729, 0.8110977540081301, 0.8144457736587442]
Test AUC:  [0.907419635115013, 0.9067121231629853, 0.903422880545478, 0.8751749770475012, 0.8955583456936709]
Sil scores:  [0.25605953, 0.26554358, 0.24073252, 0.2599522, 0.21639809]
NHFD:  [1.3373792134831475, 1.2887359550561812, 1.3027050561797768, 1.2230112359550573, 1.351904494382024]
WDFD:  [0.780569469937871, 0.7658683961000635, 0.7601313281145385, 0.6989368454597097, 0.7709208809429854]
Train Loss:  [[31.592, 6.209], [24.651, 4.047], [17.916, 3.866], [17.209, 3.654], [18.014, 3.363], [17.789, 3.155], [17.952, 2.857], [18.115, 2.716], [17.806, 2.499], [17.822, 2.416], [17.647, 2.296], [18.2, 2.254], [17.87, 2.119], [17.123, 2.013], [17.43, 2.043], [17.011, 1.977], [17.522, 1.858], [18.146, 1.859], [18.575, 1.863], [17.191, 1.955], [16.697, 1.881], [16.661, 1.684], [17.018, 1.712], [16.517, 1.654], [16.945, 1.668], [16.912, 1.679], [17.257, 1.527], [17.388, 1.624], [15.398, 1.52], [15.416, 1.477]]
E-Train Loss:  []
Test Loss:  [0.1675211489200592, 0.19975417852401733, 0.15933245420455933, 0.1613425612449646, 0.16395452618598938]
E-Test Loss:  [0.16429530084133148, 0.1935582458972931, 0.15926121175289154, 0.1583871841430664, 0.15935532748699188]
Local Test Loss:  [0.08815392851829529, 0.1088048443198204, 0.09048830717802048, 0.10040102899074554, 0.09255624562501907]
Model Complexity:  []
Dataset	k
sepsis	4

E-F1	E-AUC	E-ACC
0.815	0.904	0.951

F1	AUC	ACC
0.813	0.898	0.950

SIL	NHFD	WDFD	W-NHFD
0.248	1.301	0.755	0.286

Train Loss	E-Train Loss	Test Loss	E-Test Loss
10.221	nan	0.170	0.167

ExpertNet
Kidney
k = 1
n_clusters 1
alpha 1.0
beta 0.5
gamma 1.5
delta 1.0
Loading aki Train


Experiment  Run
range(0, 5)
Test F1:  [0.6378489576035, 0.6470365710549326, 0.6393832621281075, 0.6430763123382381, 0.6229116763853415]
Test AUC:  [0.6928736810876351, 0.6965058496504398, 0.6948264130743234, 0.6919822059696102, 0.6954715192322576]
Sil scores:  [0, 0, 0, 0]
NHFD:  [1.8020000000000012, 1.8020000000000012, 1.8020000000000012, 1.8020000000000012]
WDFD:  [0, 0, 0, 0]
Train Loss:  [[16.772, 11.027], [16.475, 10.88], [16.284, 10.753], [15.996, 10.555], [15.796, 10.422], [15.843, 10.398], [16.129, 10.556], [16.157, 10.56], [16.351, 10.655], [16.424, 10.701], [16.014, 10.446], [16.613, 10.713], [16.436, 10.642], [16.786, 10.909], [16.746, 10.894], [16.014, 10.429], [15.757, 10.282], [15.704, 10.255], [15.74, 10.282], [15.932, 10.348], [16.476, 10.688], [16.946, 10.997], [16.838, 10.941], [16.422, 10.678], [16.346, 10.634], [16.515, 10.749], [15.913, 10.358], [15.645, 10.186], [15.848, 10.32], [15.76, 10.215], [15.613, 10.157], [15.495, 10.104], [15.456, 10.086], [15.419, 10.062], [15.356, 10.02], [15.366, 10.03], [15.367, 10.033], [15.373, 10.037], [15.365, 10.034], [15.332, 10.011], [15.359, 10.031], [15.302, 9.992], [15.288, 9.982], [15.311, 9.999], [15.279, 9.979], [15.32, 9.99], [15.246, 9.951], [15.216, 9.937], [15.272, 9.973], [15.255, 9.964]]
E-Train Loss:  []
Test Loss:  [0.6346551775932312, 0.630782425403595, 0.633230447769165, 0.6350477933883667, 0.6390411257743835]
E-Test Loss:  [0.6346551775932312, 0.630782425403595, 0.633230447769165, 0.6350477933883667, 0.6390411257743835]
Local Test Loss:  [0.6346551775932312, 0.630782425403595, 0.633230447769165, 0.6350477933883667, 0.6390411257743835]
Model Complexity:  []
Dataset	k
aki	1

E-F1	E-AUC	E-ACC
0.638	0.694	0.640

F1	AUC	ACC
0.638	0.694	0.640

SIL	NHFD	WDFD	W-NHFD
0.000	1.802	0.000	0.000

Train Loss	E-Train Loss	Test Loss	E-Test Loss
13.115	nan	0.635	0.635

k = 2
n_clusters 2
alpha 1.0
beta 0.5
gamma 1.5
delta 1.0
Loading aki Train


Experiment  Run
range(0, 5)
Test F1:  [0.6473178684640204, 0.6469154137489586, 0.6448561128793686, 0.6341821665838469, 0.6428137019943918]
Test AUC:  [0.6888174612388103, 0.6893824329902226, 0.6634587106261125, 0.6871502786162061, 0.668317725666228]
Sil scores:  [0.6192946, 0.6328049, 0.5711853, 0.6915581, 0.67575574]
NHFD:  [1.1752696629213488, 1.1818988764044949, 1.1836853932584277, 0.8191011235955057, 0.859033707865169]
WDFD:  [0.14820021256660076, 0.15290559942107654, 0.1518666331677593, 0.1359586999188377, 0.13553190961163442]
Train Loss:  [[12.094, 7.003], [11.29, 6.787], [10.792, 6.474], [10.727, 6.418], [10.848, 6.526], [10.613, 6.357], [10.605, 6.344], [10.136, 6.093], [10.402, 6.369], [10.294, 6.15], [9.986, 6.124], [9.972, 6.101], [9.94, 5.991], [9.882, 6.019], [9.736, 5.942], [9.733, 5.916], [9.596, 5.949], [9.684, 5.892], [9.695, 5.956], [9.608, 5.89], [9.694, 5.889], [9.695, 5.92], [9.624, 5.855], [9.605, 5.874], [9.638, 5.869], [9.607, 5.856], [9.448, 5.766], [9.659, 5.731], [9.577, 5.838], [9.238, 5.651], [9.14, 5.614], [9.127, 5.551], [9.137, 5.569], [9.141, 5.58], [9.051, 5.457], [9.029, 5.52], [8.963, 5.482], [8.955, 5.397], [9.137, 5.444], [9.178, 5.492], [9.011, 5.539], [8.907, 5.336], [8.916, 5.436], [9.065, 5.552], [8.844, 5.408], [8.632, 5.308], [8.476, 5.255], [8.566, 5.245], [8.559, 5.305], [8.668, 5.348]]
E-Train Loss:  []
Test Loss:  [0.6331179141998291, 0.634894847869873, 0.6348092555999756, 0.6387781500816345, 0.6413008570671082]
E-Test Loss:  [0.6329589486122131, 0.6346760392189026, 0.633924663066864, 0.6374993920326233, 0.6394802927970886]
Local Test Loss:  [0.4023854732513428, 0.40318042039871216, 0.4144929051399231, 0.41591840982437134, 0.395480215549469]
Model Complexity:  []
Dataset	k
aki	2

E-F1	E-AUC	E-ACC
0.642	0.690	0.642

F1	AUC	ACC
0.643	0.679	0.644

SIL	NHFD	WDFD	W-NHFD
0.638	1.044	0.145	0.060

Train Loss	E-Train Loss	Test Loss	E-Test Loss
7.713	nan	0.637	0.636

k = 3
n_clusters 3
alpha 1.0
beta 0.5
gamma 1.5
delta 1.0
Loading aki Train


Experiment  Run
range(0, 5)
Test F1:  [0.6360432303343209, 0.6388165928734959, 0.6313727425435236, 0.5908002373448404, 0.6314302628003571]
Test AUC:  [0.6500335371359286, 0.6383402826148646, 0.6513302795191291, 0.6263103668446715, 0.6718421884271083]
Sil scores:  [0.58326095, 0.63090056, 0.6245037, 0.602312, 0.6140744]
NHFD:  [1.1727453183520609, 1.1641722846441953, 1.16896254681648, 1.1627378277153568, 1.1699438202247199]
WDFD:  [0.17748965596682428, 0.17593479828779382, 0.17639791918600475, 0.1742990871817207, 0.1767576567144238]
Train Loss:  [[10.974, 5.586], [10.714, 5.465], [10.114, 5.328], [9.635, 5.188], [10.067, 5.43], [9.521, 5.249], [9.661, 5.257], [9.799, 5.332], [9.694, 5.331], [9.733, 5.298], [9.515, 5.209], [9.547, 5.258], [9.52, 5.237], [9.482, 5.213], [9.449, 5.228], [9.311, 5.124], [9.085, 5.044], [9.135, 5.15], [9.399, 5.211], [9.4, 5.193], [9.463, 5.17], [9.28, 5.051], [9.144, 5.04], [9.186, 5.03], [9.122, 5.037], [9.071, 5.031], [9.265, 5.096], [9.218, 4.987], [8.931, 4.958], [9.126, 4.974], [9.043, 4.955], [9.088, 4.964], [8.911, 4.891], [8.919, 4.916], [9.024, 4.931], [8.942, 4.907], [8.962, 4.899], [8.852, 4.83], [8.983, 4.94], [8.953, 4.848], [9.188, 4.978], [9.037, 4.92], [8.916, 4.807], [9.024, 4.817], [9.184, 4.966], [8.909, 4.809], [8.995, 4.8], [8.978, 4.804], [8.897, 4.785], [9.017, 4.879]]
E-Train Loss:  []
Test Loss:  [0.6383751630783081, 0.640946626663208, 0.6394258737564087, 0.666823148727417, 0.6417573690414429]
E-Test Loss:  [0.6379431486129761, 0.6414306163787842, 0.6388627886772156, 0.6576309204101562, 0.6413618326187134]
Local Test Loss:  [0.40471452474594116, 0.3997340500354767, 0.4107857346534729, 0.4186292588710785, 0.4197559356689453]
Model Complexity:  []
Dataset	k
aki	3

E-F1	E-AUC	E-ACC
0.625	0.670	0.626

F1	AUC	ACC
0.626	0.648	0.626

SIL	NHFD	WDFD	W-NHFD
0.611	1.168	0.176	0.110

Train Loss	E-Train Loss	Test Loss	E-Test Loss
7.187	nan	0.645	0.643

k = 4
n_clusters 4
alpha 1.0
beta 0.5
gamma 1.5
delta 1.0
Loading aki Train


Experiment  Run
range(0, 5)
Test F1:  [0.6025081011959255, 0.6240597721298804, 0.618217488191579, 0.6052388109985227, 0.5813829356702375]
Test AUC:  [0.6549593039754404, 0.6472464076567862, 0.6493555387869876, 0.6013197185460362, 0.6032595516342905]
Sil scores:  [0.536147, 0.50885516, 0.5336536, 0.5442858, 0.5258041]
NHFD:  [1.1244297752808996, 1.179856741573034, 1.1538202247191018, 1.212269662921349, 1.1888848314606748]
WDFD:  [0.173345055713134, 0.17524612116943772, 0.1951249655641937, 0.20162249696492132, 0.19398437115182163]
Train Loss:  [[9.698, 4.218], [8.765, 4.179], [8.06, 4.145], [8.045, 4.204], [8.236, 4.205], [8.129, 4.262], [8.217, 4.311], [8.271, 4.268], [8.358, 4.301], [8.39, 4.244], [8.44, 4.368], [8.402, 4.355], [8.402, 4.395], [8.555, 4.405], [8.493, 4.396], [8.501, 4.375], [8.431, 4.351], [8.557, 4.414], [8.543, 4.398], [8.551, 4.384], [8.426, 4.418], [8.558, 4.443], [8.54, 4.438], [8.524, 4.46], [8.527, 4.408], [8.607, 4.379], [8.694, 4.47], [8.54, 4.427], [8.71, 4.411], [8.66, 4.42], [8.602, 4.438], [8.497, 4.412], [8.477, 4.423], [8.503, 4.452], [8.58, 4.456], [8.593, 4.424], [8.374, 4.425], [8.44, 4.467], [8.626, 4.44], [8.53, 4.326], [8.676, 4.455], [8.497, 4.443], [8.56, 4.452], [8.467, 4.402], [8.765, 4.438], [8.576, 4.45], [8.621, 4.417], [8.573, 4.417], [8.433, 4.361], [8.448, 4.409]]
E-Train Loss:  []
Test Loss:  [0.6545417308807373, 0.6503152251243591, 0.6497359871864319, 0.6647850871086121, 0.6682774424552917]
E-Test Loss:  [0.6536135077476501, 0.6491184830665588, 0.6498626470565796, 0.6621490120887756, 0.6676622033119202]
Local Test Loss:  [0.3886541426181793, 0.354947954416275, 0.36143481731414795, 0.3951869308948517, 0.3863402009010315]
Model Complexity:  []
Dataset	k
aki	4

E-F1	E-AUC	E-ACC
0.605	0.646	0.607

F1	AUC	ACC
0.606	0.631	0.607

SIL	NHFD	WDFD	W-NHFD
0.530	1.172	0.188	0.125

Train Loss	E-Train Loss	Test Loss	E-Test Loss
6.446	nan	0.658	0.656

ExpertNet
Respiratory
k = 1
n_clusters 1
alpha 1.0
beta 0.5
gamma 1.5
delta 1.0
Loading ards Train


Experiment  Run
range(0, 5)
Test F1:  [0.48135843484680696, 0.5748259415602215, 0.5648498374647068, 0.5780730192255369, 0.5725423877223459]
Test AUC:  [0.7260152263788495, 0.7790808365729212, 0.7790972085130292, 0.7815843197624978, 0.7732133942401143]
Sil scores:  [0, 0, 0, 0]
NHFD:  [1.8020000000000012, 1.8020000000000012, 1.8020000000000012, 1.8020000000000012]
WDFD:  [0, 0, 0, 0]
Train Loss:  [[23.189, 15.279], [11.22, 7.261], [10.236, 6.672], [9.807, 6.391], [9.495, 6.168], [9.279, 6.036], [9.144, 5.962], [9.068, 5.93], [9.002, 5.895], [8.96, 5.87], [8.93, 5.852], [8.826, 5.785], [8.826, 5.785], [8.729, 5.722], [8.698, 5.695], [8.598, 5.631], [8.585, 5.618], [8.6, 5.633], [8.49, 5.559], [8.442, 5.521], [8.482, 5.549], [8.423, 5.5], [8.366, 5.478], [8.447, 5.525], [8.295, 5.429], [8.384, 5.479], [8.469, 5.514], [9.211, 5.875], [8.907, 5.729], [8.651, 5.592], [8.627, 5.553], [8.821, 5.704], [8.477, 5.512], [8.492, 5.478], [8.537, 5.524], [8.235, 5.361], [8.148, 5.316], [8.31, 5.401], [8.194, 5.319], [8.463, 5.478], [8.472, 5.491], [8.768, 5.609], [8.481, 5.485], [8.97, 5.786], [8.722, 5.631], [8.366, 5.414], [8.166, 5.315], [8.476, 5.507], [8.761, 5.61], [8.844, 5.604]]
E-Train Loss:  []
Test Loss:  [0.2283640205860138, 0.2204221487045288, 0.21961183845996857, 0.21881920099258423, 0.2204543799161911]
E-Test Loss:  [0.2283640205860138, 0.2204221487045288, 0.21961183845996857, 0.21881920099258423, 0.2204543799161911]
Local Test Loss:  [0.2283640205860138, 0.2204221487045288, 0.21961183845996857, 0.21881920099258423, 0.2204543799161911]
Model Complexity:  []
Dataset	k
ards	1

E-F1	E-AUC	E-ACC
0.554	0.768	0.927

F1	AUC	ACC
0.554	0.768	0.927

SIL	NHFD	WDFD	W-NHFD
0.000	1.802	0.000	0.000

Train Loss	E-Train Loss	Test Loss	E-Test Loss
7.461	nan	0.222	0.222

k = 2
n_clusters 2
alpha 1.0
beta 0.5
gamma 1.5
delta 1.0
Loading ards Train


Experiment  Run
range(0, 5)
Test F1:  [0.539511500035396, 0.5707179796429289, 0.5606556190306318, 0.5633467884178751, 0.5593361035624764]
Test AUC:  [0.707398313642714, 0.7442717191581121, 0.7432096785215331, 0.6676161601014395, 0.7252506093209014]
Sil scores:  [0.47552413, 0.63960326, 0.4268437, 0.4135673, 0.4657056]
NHFD:  [1.323483146067417, 1.2941685393258442, 1.339022471910114, 1.3325393258426983, 1.2692584269662937]
WDFD:  [0.1484727996079738, 0.15022072651101953, 0.14898686596970445, 0.14875243278355282, 0.150176523500601]
Train Loss:  [[22.575, 10.262], [10.759, 4.2], [7.163, 4.04], [7.13, 4.006], [7.118, 3.984], [7.131, 3.908], [6.993, 3.841], [6.903, 3.804], [7.302, 3.841], [6.924, 3.845], [6.844, 3.83], [6.753, 3.793], [7.046, 3.834], [7.243, 3.837], [6.979, 3.722], [6.802, 3.805], [6.875, 3.802], [6.975, 3.828], [6.744, 3.795], [6.706, 3.775], [6.863, 3.769], [6.976, 3.802], [6.783, 3.845], [6.763, 3.778], [6.769, 3.817], [6.877, 3.782], [6.882, 3.815], [6.799, 3.759], [7.025, 3.794], [6.887, 3.788], [6.548, 3.738], [6.734, 3.778], [6.725, 3.745], [6.851, 3.718], [6.617, 3.696], [6.572, 3.723], [6.545, 3.697], [6.506, 3.724], [6.543, 3.67], [6.666, 3.724], [6.542, 3.65], [6.59, 3.689], [6.761, 3.576], [7.138, 3.66]]
E-Train Loss:  []
Test Loss:  [0.22389815747737885, 0.2224254608154297, 0.2242334932088852, 0.22590439021587372, 0.22403933107852936]
E-Test Loss:  [0.22401182353496552, 0.2222214937210083, 0.22409480810165405, 0.22563491761684418, 0.22371934354305267]
Local Test Loss:  [0.16414585709571838, 0.19017340242862701, 0.17042647302150726, 0.1692207306623459, 0.16665828227996826]
Model Complexity:  []
Dataset	k
ards	2

E-F1	E-AUC	E-ACC
0.567	0.730	0.926

F1	AUC	ACC
0.559	0.718	0.927

SIL	NHFD	WDFD	W-NHFD
0.484	1.312	0.149	0.090

Train Loss	E-Train Loss	Test Loss	E-Test Loss
5.618	nan	0.224	0.224

k = 3
n_clusters 3
alpha 1.0
beta 0.5
gamma 1.5
delta 1.0
Loading ards Train


Experiment  Run
range(0, 5)
Test F1:  [0.5557577738040127, 0.5805005010253542, 0.5689373921047116, 0.5738619384045398, 0.5853779331278692]
Test AUC:  [0.6489780112980623, 0.7292932921551358, 0.5871820047227115, 0.7406810442355585, 0.7503651654467594]
Sil scores:  [0.6893265, 0.71024746, 0.7612083, 0.48339704, 0.49344316]
NHFD:  [1.2131273408239713, 1.2686254681647953, 1.2442696629213497, 1.3356816479400768, 1.3481722846441961]
WDFD:  [0.17935154957355007, 0.18196195861605247, 0.17928403005432744, 0.18559394809617613, 0.15791782406815996]
Train Loss:  [[16.783, 6.428], [9.698, 3.063], [6.13, 2.902], [5.992, 2.839], [5.614, 2.763], [5.445, 2.716], [6.079, 2.754], [5.807, 2.79], [6.173, 2.778], [5.923, 2.827], [6.092, 2.829], [6.281, 2.884], [6.388, 2.923], [6.349, 2.949], [6.484, 3.036], [6.365, 2.915], [6.462, 3.015], [6.422, 3.089], [6.743, 3.074], [6.804, 3.084], [7.048, 3.086], [6.555, 3.118], [6.722, 3.122], [6.809, 3.085], [6.58, 3.084], [6.49, 3.078], [6.732, 3.12], [6.689, 3.083], [6.507, 3.093], [6.475, 3.092], [6.674, 3.072], [6.465, 3.037], [6.902, 3.129], [6.593, 3.085], [6.766, 3.135], [6.705, 3.057], [6.526, 3.071], [6.531, 3.055], [6.804, 3.059], [6.841, 3.115], [6.778, 3.082], [6.69, 3.143], [6.94, 3.229], [6.844, 3.215], [6.912, 3.17], [6.847, 3.19], [6.927, 3.129], [7.117, 3.301], [6.743, 3.185], [6.709, 3.106]]
E-Train Loss:  []
Test Loss:  [0.224559485912323, 0.2194291353225708, 0.222694993019104, 0.22359417378902435, 0.2261222004890442]
E-Test Loss:  [0.22345677018165588, 0.21897785365581512, 0.22224509716033936, 0.2230042964220047, 0.2256413698196411]
Local Test Loss:  [0.16585701704025269, 0.16401313245296478, 0.17045600712299347, 0.14215263724327087, 0.16091372072696686]
Model Complexity:  []
Dataset	k
ards	3

E-F1	E-AUC	E-ACC
0.564	0.708	0.924

F1	AUC	ACC
0.573	0.691	0.925

SIL	NHFD	WDFD	W-NHFD
0.628	1.282	0.177	0.111

Train Loss	E-Train Loss	Test Loss	E-Test Loss
4.951	nan	0.223	0.223

k = 4
n_clusters 4
alpha 1.0
beta 0.5
gamma 1.5
delta 1.0
Loading ards Train


Experiment  Run
range(0, 5)
Test F1:  [0.5673473105314748, 0.5548254224095771, 0.5522830674277908, 0.5662678734856343, 0.5471548033023443]
Test AUC:  [0.7423184755208649, 0.7371144526741784, 0.7239179571235497, 0.6874886108242726, 0.7281242407216182]
Sil scores:  [0.67572457, 0.80077744, 0.7470247, 0.8248549, 0.7539148]
NHFD:  [1.3124269662921364, 1.2428876404494396, 1.2443511235955067, 1.237176966292136, 1.2726910112359564]
WDFD:  [0.1906333628911934, 0.18328161517718874, 0.18633637178775064, 0.18280456768237693, 0.1833447875343012]
Train Loss:  [[10.916, 4.476], [7.822, 2.781], [7.057, 2.664], [6.599, 2.691], [6.948, 2.742], [6.842, 2.748], [6.665, 2.705], [6.728, 2.736], [7.165, 2.795], [6.871, 2.792], [6.959, 2.786], [6.786, 2.8], [7.07, 2.836], [6.942, 2.781], [7.363, 2.941], [7.092, 2.804], [7.304, 2.843], [7.143, 2.883], [7.182, 2.897], [7.3, 2.884], [7.365, 2.932], [7.347, 2.96], [7.352, 2.948], [7.294, 2.89], [7.408, 2.933], [7.421, 2.943], [7.369, 2.902], [7.449, 2.932], [7.19, 2.938], [7.285, 2.884], [7.457, 2.885], [7.488, 2.867], [7.207, 2.945], [7.333, 2.806], [7.287, 2.883], [7.324, 2.835], [7.549, 2.748], [7.777, 2.771], [6.154, 2.619], [5.833, 2.681], [7.124, 2.779], [6.985, 2.761], [7.318, 2.868], [7.365, 2.912], [7.329, 2.792], [7.428, 2.737], [7.425, 2.841], [7.178, 2.755], [7.48, 2.769], [7.407, 2.842]]
E-Train Loss:  []
Test Loss:  [0.22627602517604828, 0.22279807925224304, 0.22491778433322906, 0.2253531515598297, 0.22205288708209991]
E-Test Loss:  [0.22609363496303558, 0.22305606305599213, 0.2246922105550766, 0.2249526083469391, 0.22111353278160095]
Local Test Loss:  [0.1477060168981552, 0.15701964497566223, 0.15618698298931122, 0.14321772754192352, 0.14156180620193481]
Model Complexity:  []
Dataset	k
ards	4

E-F1	E-AUC	E-ACC
0.551	0.744	0.925

F1	AUC	ACC
0.558	0.724	0.924

SIL	NHFD	WDFD	W-NHFD
0.760	1.262	0.185	0.116

Train Loss	E-Train Loss	Test Loss	E-Test Loss
5.056	nan	0.224	0.224

ExpertNet
Wid_Mortality
k = 1
n_clusters 1
alpha 1.0
beta 0.5
gamma 1.5
delta 1.0
wid_mortality


Experiment  Run
range(0, 5)
Test F1:  [0.6987860465161165, 0.6988689696038466, 0.6880970216364561, 0.6955320515811348, 0.6969242176324574]
Test AUC:  [0.8843123974875032, 0.8827682895410542, 0.8838398179887389, 0.883718091878387, 0.8828526475366173]
Sil scores:  [0, 0, 0, 0, 0]
NHFD:  [1.8020000000000072, 1.8020000000000072, 1.8020000000000072, 1.8020000000000072, 1.8020000000000072]
WDFD:  [0, 0, 0, 0, 0]
Train Loss:  [[67.479, 26.261], [53.968, 20.009], [52.952, 19.4], [52.133, 18.919], [51.823, 18.593], [51.545, 18.325], [51.009, 18.07], [50.514, 17.707], [50.162, 17.499], [49.713, 17.197], [49.224, 16.888], [48.726, 16.533], [48.299, 16.261], [47.987, 16.018], [47.568, 15.713], [46.942, 15.282], [46.589, 15.015], [46.025, 14.686]]
E-Train Loss:  []
Test Loss:  [0.20435830950737, 0.2085326761007309, 0.20089443027973175, 0.2017078995704651, 0.2010534703731537]
E-Test Loss:  [0.20435830950737, 0.2085326761007309, 0.20089443027973175, 0.2017078995704651, 0.2010534703731537]
Local Test Loss:  [0.20435830950737, 0.2085326761007309, 0.20089443027973175, 0.2017078995704651, 0.2010534703731537]
Model Complexity:  []
Dataset	k
wid_mortality	1

E-F1	E-AUC	E-ACC
0.696	0.883	0.927

F1	AUC	ACC
0.696	0.883	0.927

SIL	NHFD	WDFD	W-NHFD
0.000	1.802	0.000	0.000

Train Loss	E-Train Loss	Test Loss	E-Test Loss
34.195	nan	0.203	0.203

k = 2
n_clusters 2
alpha 1.0
beta 0.5
gamma 1.5
delta 1.0
wid_mortality


Experiment  Run
range(0, 5)
Test F1:  [0.689475700168914, 0.6848404473630706, 0.6987830212187451, 0.689634304402811, 0.7001831483254888]
Test AUC:  [0.8822956382380661, 0.8787933573050937, 0.8819031743019767, 0.8836395859270614, 0.8793883151359092]
Sil scores:  [0.37988076, 0.36208713, 0.39808306, 0.4130576, 0.41011652]
NHFD:  [1.5225062240663922, 1.5451991701244838, 1.5463651452282186, 1.5485186721991726, 1.508937759336101]
WDFD:  [0.8077359514426198, 0.8176595565457088, 0.7321682879486855, 0.7733871236116208, 0.8248557058757785]
Train Loss:  [[56.192, 14.856], [46.699, 11.532], [46.022, 11.381], [45.463, 11.238], [46.301, 11.074], [45.769, 11.053], [45.641, 11.009], [45.97, 11.017], [46.545, 11.166], [46.162, 11.143], [45.943, 10.995], [46.429, 10.988], [46.653, 11.129], [46.05, 11.056], [46.525, 10.774], [46.061, 10.798], [46.0, 10.787], [46.224, 10.732], [46.147, 10.8], [46.035, 10.588], [45.725, 10.494], [45.259, 10.489], [45.482, 10.301], [45.174, 10.218]]
E-Train Loss:  []
Test Loss:  [0.2010115087032318, 0.20071882009506226, 0.20173102617263794, 0.19987516105175018, 0.20323772728443146]
E-Test Loss:  [0.20060162246227264, 0.2004370242357254, 0.20111995935440063, 0.19971174001693726, 0.20282013714313507]
Local Test Loss:  [0.1379622220993042, 0.137386754155159, 0.14074309170246124, 0.1407833844423294, 0.14486084878444672]
Model Complexity:  []
Dataset	k
wid_mortality	2

E-F1	E-AUC	E-ACC
0.694	0.883	0.927

F1	AUC	ACC
0.693	0.881	0.927

SIL	NHFD	WDFD	W-NHFD
0.393	1.534	0.791	0.053

Train Loss	E-Train Loss	Test Loss	E-Test Loss
28.752	nan	0.201	0.201

k = 3
n_clusters 3
alpha 1.0
beta 0.5
gamma 1.5
delta 1.0
wid_mortality


Experiment  Run
range(0, 5)
Test F1:  [0.6686540219027648, 0.6939823254425002, 0.7020720101842252, 0.6882276323801726, 0.6938203917033827]
Test AUC:  [0.7623511701886478, 0.8796834185282472, 0.8661408965934927, 0.8647940348497491, 0.8746332060739097]
Sil scores:  [0.17492348, 0.33799803, 0.32232767, 0.2961841, 0.2802703]
NHFD:  [1.5254550484094072, 1.5083748271092687, 1.5090442600276646, 1.5062932226832653, 1.5185062240663922]
WDFD:  [0.7174835434309973, 0.7225394424706564, 0.7572982203687896, 0.797807791798942, 0.7725072808580769]
Train Loss:  [[56.048, 10.312], [47.619, 8.263], [44.081, 8.211], [42.872, 8.197], [44.821, 8.32], [44.732, 8.302], [45.594, 8.512], [45.282, 8.6], [46.471, 8.741], [45.819, 8.787], [46.599, 8.898], [46.322, 8.931], [47.077, 9.041], [47.094, 9.137], [47.626, 9.076], [46.875, 8.997], [47.338, 9.184], [46.734, 9.149], [46.962, 8.996], [47.174, 9.159], [47.271, 9.194], [46.825, 9.085], [47.372, 9.252], [47.143, 9.107]]
E-Train Loss:  []
Test Loss:  [0.206491157412529, 0.20075468719005585, 0.2029053270816803, 0.20114000141620636, 0.2002444863319397]
E-Test Loss:  [0.20446167886257172, 0.20076635479927063, 0.2016724795103073, 0.20133072137832642, 0.19989906251430511]
Local Test Loss:  [0.10751896351575851, 0.13020360469818115, 0.12404382973909378, 0.11963098496198654, 0.11857563257217407]
Model Complexity:  []
Dataset	k
wid_mortality	3

E-F1	E-AUC	E-ACC
0.686	0.874	0.926

F1	AUC	ACC
0.689	0.850	0.926

SIL	NHFD	WDFD	W-NHFD
0.282	1.514	0.754	0.048

Train Loss	E-Train Loss	Test Loss	E-Test Loss
27.817	nan	0.202	0.202

k = 4
n_clusters 4
alpha 1.0
beta 0.5
gamma 1.5
delta 1.0
wid_mortality


Experiment  Run
range(0, 5)
Test F1:  [0.6893701919228747, 0.6627522554038862, 0.6989908191450447, 0.6841507389186781, 0.6921640204615331]
Test AUC:  [0.8038553937609598, 0.7681838572041848, 0.7792719133087502, 0.7457167823129538, 0.8161596817751688]
Sil scores:  [0.25364718, 0.10026617, 0.24643716, 0.14846162, 0.23728804]
NHFD:  [1.497104771784234, 1.5182748962655617, 1.43960062240664, 1.4531545643153538, 1.4348537344398358]
WDFD:  [0.7704328551503549, 0.7382989042823379, 0.7261552906049994, 0.7456393437901921, 0.7147238233303971]
Train Loss:  [[67.33, 9.576], [53.229, 6.524], [41.481, 6.537], [40.81, 6.636], [43.444, 6.786], [42.766, 6.94], [44.137, 7.151], [43.773, 7.08], [45.44, 7.356], [45.345, 7.583], [45.819, 7.553], [46.448, 7.666], [47.345, 7.771], [47.039, 7.864], [47.488, 7.941], [46.76, 7.783], [47.485, 7.755], [47.374, 7.832], [47.414, 7.759], [47.568, 7.88], [47.164, 7.76], [47.679, 7.731], [47.579, 7.879], [47.8, 7.811]]
E-Train Loss:  []
Test Loss:  [0.20130611956119537, 0.2055891752243042, 0.2037544697523117, 0.20662176609039307, 0.20393115282058716]
E-Test Loss:  [0.20059257745742798, 0.20478211343288422, 0.20288139581680298, 0.2037036418914795, 0.20257066190242767]
Local Test Loss:  [0.11134769767522812, 0.08919147402048111, 0.11068073660135269, 0.09661196172237396, 0.11036205291748047]
Model Complexity:  []
Dataset	k
wid_mortality	4

E-F1	E-AUC	E-ACC
0.686	0.859	0.926

F1	AUC	ACC
0.685	0.783	0.926

SIL	NHFD	WDFD	W-NHFD
0.197	1.469	0.739	0.039

Train Loss	E-Train Loss	Test Loss	E-Test Loss
27.289	nan	0.204	0.203

ExpertNet
Diabetes
k = 1
n_clusters 1
alpha 1.0
beta 0.5
gamma 1.5
delta 1.0
diabetes


Experiment  Run
range(0, 5)
Test F1:  [0.45767116077814374, 0.4776822601856199, 0.509280709835436, 0.37333172595347586, 0.5059702256845715]
Test AUC:  [0.579587889895086, 0.5781772791299841, 0.5855482634471539, 0.5231170499913407, 0.5823594501514613]
Sil scores:  [0, 0, 0, 0]
NHFD:  [1.802, 1.802, 1.802, 1.802]
WDFD:  [0, 0, 0, 0]
Train Loss:  [[79.739, 51.593], [77.11, 51.352], [77.045, 51.314], [76.993, 51.277], [76.966, 51.249], [76.979, 51.249], [76.916, 51.196], [76.959, 51.198], [76.795, 51.119], [76.878, 51.16], [76.794, 51.088], [76.762, 51.065], [76.738, 51.05], [76.692, 51.013], [76.673, 51.007], [76.609, 50.974], [76.615, 50.96], [76.572, 50.938], [76.525, 50.906], [76.534, 50.886], [76.435, 50.826], [76.438, 50.822], [76.458, 50.825], [76.343, 50.765], [76.514, 50.861], [76.29, 50.712], [76.332, 50.723], [76.348, 50.752]]
E-Train Loss:  []
Test Loss:  [0.6646543741226196, 0.6659279465675354, 0.6645142436027527, 0.6728647351264954, 0.6654930710792542]
E-Test Loss:  [0.6646543741226196, 0.6659279465675354, 0.6645142436027527, 0.6728647351264954, 0.6654930710792542]
Local Test Loss:  [0.6646543741226196, 0.6659279465675354, 0.6645142436027527, 0.6728647351264954, 0.6654930710792542]
Model Complexity:  []
Dataset	k
diabetes	1

E-F1	E-AUC	E-ACC
0.465	0.570	0.596

F1	AUC	ACC
0.465	0.570	0.596

SIL	NHFD	WDFD	W-NHFD
0.000	1.802	0.000	0.000

Train Loss	E-Train Loss	Test Loss	E-Test Loss
63.909	nan	0.667	0.667

k = 2
n_clusters 2
alpha 1.0
beta 0.5
gamma 1.5
delta 1.0
diabetes


Experiment  Run
range(0, 5)
Test F1:  [0.46877200456286616, 0.4602234721953594, 0.37359579459979597, 0.4446695632233364, 0.4326769422601713]
Test AUC:  [0.5660946013458115, 0.5676855864692266, 0.562434845222578, 0.549221714756006, 0.5719928720253016]
Sil scores:  [0.32294625, 0.31382072, 0.24610335, 0.31410012, 0.299716]
NHFD:  [1.802, 1.802, 1.802, 1.802, 1.802]
WDFD:  [0.7437994560293062, 0.7175865675932527, 0.8063016696927515, 0.7213677707476971, 0.7425648108314518]
Train Loss:  [[50.389, 28.883], [48.062, 28.559], [46.24, 28.226], [45.927, 28.013], [44.531, 27.685], [44.4, 27.598], [43.983, 27.218], [43.88, 26.97], [43.268, 26.827], [42.666, 26.677], [41.881, 26.483], [41.777, 26.371], [41.208, 26.225], [41.255, 26.186], [41.072, 26.187], [40.737, 26.092], [40.498, 25.986], [40.463, 25.963], [40.236, 25.905], [40.063, 25.853], [39.845, 25.814], [39.842, 25.762], [39.607, 25.751], [39.846, 25.68], [39.306, 25.653], [39.28, 25.594], [38.999, 25.573], [38.887, 25.57], [38.884, 25.546], [38.704, 25.525], [38.758, 25.514], [38.58, 25.486], [38.665, 25.506], [38.698, 25.529], [38.639, 25.521], [38.565, 25.518], [38.55, 25.501], [38.521, 25.515], [38.453, 25.496], [38.554, 25.51], [38.446, 25.494], [38.553, 25.521], [38.489, 25.523], [38.462, 25.508], [38.558, 25.526], [38.459, 25.502], [38.479, 25.513], [38.464, 25.509], [38.485, 25.528], [38.472, 25.512]]
E-Train Loss:  []
Test Loss:  [0.6657821536064148, 0.6659051775932312, 0.6666520833969116, 0.6667643189430237, 0.6663376688957214]
E-Test Loss:  [0.6650580763816833, 0.665485143661499, 0.6665662527084351, 0.6665414571762085, 0.6655343770980835]
Local Test Loss:  [0.36231523752212524, 0.34936192631721497, 0.33516570925712585, 0.38825738430023193, 0.33541572093963623]
Model Complexity:  []
Dataset	k
diabetes	2

E-F1	E-AUC	E-ACC
0.443	0.572	0.597

F1	AUC	ACC
0.436	0.563	0.596

SIL	NHFD	WDFD	W-NHFD
0.299	1.802	0.746	1.555

Train Loss	E-Train Loss	Test Loss	E-Test Loss
33.312	nan	0.666	0.666

k = 3
n_clusters 3
alpha 1.0
beta 0.5
gamma 1.5
delta 1.0
diabetes


Experiment  Run
range(0, 5)
Test F1:  [0.462540433217409, 0.4959885095940278, 0.4624855575708708, 0.4898505092354573, 0.47515946888190536]
Test AUC:  [0.5741016907986887, 0.5639252802543873, 0.5452442044733926, 0.5486154233396228, 0.5457207729788631]
Sil scores:  [0.25187168, 0.2870462, 0.26060656, 0.26942962, 0.111359514]
NHFD:  [1.7083333333333333, 1.6501481481481484, 1.598148148148148, 1.7871851851851852, 1.6414444444444445]
WDFD:  [1.1079903035088843, 1.0347713757324213, 1.013085484359514, 0.930191901579018, 0.9885048236618365]
Train Loss:  [[42.736, 19.746], [40.387, 19.399], [32.966, 19.289], [33.001, 19.223], [33.394, 19.194], [32.543, 19.144], [32.788, 19.015], [32.368, 18.922], [31.934, 18.872], [32.143, 18.836], [31.433, 18.652], [31.167, 18.633], [30.985, 18.553], [30.809, 18.485], [30.549, 18.377], [30.432, 18.302], [29.77, 18.194], [29.594, 18.148], [29.368, 18.055], [29.196, 18.014], [29.247, 17.984], [29.011, 17.916], [28.791, 17.906], [28.989, 17.866], [28.346, 17.751], [28.315, 17.641], [27.883, 17.636], [27.971, 17.536], [27.609, 17.463], [27.523, 17.423], [27.271, 17.411], [27.34, 17.342], [27.083, 17.307], [26.959, 17.279], [26.831, 17.253], [26.806, 17.198], [26.635, 17.187], [26.558, 17.154], [26.386, 17.121], [26.272, 17.092], [26.243, 17.088], [26.296, 17.062]]
E-Train Loss:  []
Test Loss:  [0.666463315486908, 0.6673470139503479, 0.6670805215835571, 0.664967954158783, 0.6661188006401062]
E-Test Loss:  [0.665671169757843, 0.6660025119781494, 0.6655574440956116, 0.6648532748222351, 0.6654971241950989]
Local Test Loss:  [0.31292158365249634, 0.32515937089920044, 0.3195294737815857, 0.32640305161476135, 0.25141194462776184]
Model Complexity:  []
Dataset	k
diabetes	3

E-F1	E-AUC	E-ACC
0.462	0.577	0.598

F1	AUC	ACC
0.477	0.556	0.597

SIL	NHFD	WDFD	W-NHFD
0.236	1.677	1.015	1.618

Train Loss	E-Train Loss	Test Loss	E-Test Loss
23.936	nan	0.666	0.666

k = 4
n_clusters 4
alpha 1.0
beta 0.5
gamma 1.5
delta 1.0
diabetes


Experiment  Run
range(0, 5)
Test F1:  [0.47687554615713734, 0.4836925911288149, 0.4620086320410674, 0.47532141276457596, 0.45281555294621495]
Test AUC:  [0.5495739147480629, 0.5644400450444879, 0.5464460751201555, 0.5615512882510832, 0.5562387832323953]
Sil scores:  [0.17693573, 0.12031694, 0.3363338, 0.33628058, 0.22994803]
NHFD:  [1.6447499999999997, 1.57025, 1.5150277777777779, 1.6699444444444445, 1.642861111111111]
WDFD:  [1.1507449851247937, 1.0604764431823013, 1.2810339225228267, 1.299797162613704, 1.3175182552950548]
Train Loss:  [[35.209, 15.177], [33.152, 15.22], [28.411, 15.212], [28.256, 15.267], [28.291, 15.381], [28.44, 15.345], [28.944, 15.435], [28.827, 15.619], [29.335, 15.742], [29.365, 15.892], [30.004, 15.979], [29.744, 16.189], [30.226, 16.19], [30.234, 16.291], [30.526, 16.321], [30.754, 16.334], [30.617, 16.413], [30.702, 16.537], [31.591, 16.737], [31.487, 16.814], [31.789, 16.966], [31.986, 17.023], [32.531, 17.317], [32.676, 17.402], [33.035, 17.352], [32.949, 17.281], [32.727, 17.321], [32.716, 17.436], [32.821, 17.421], [33.327, 17.464], [32.619, 17.459], [32.599, 17.538], [33.172, 17.651], [33.201, 17.751]]
E-Train Loss:  []
Test Loss:  [0.6664078235626221, 0.6645239591598511, 0.6662196516990662, 0.6657437682151794, 0.6668832898139954]
E-Test Loss:  [0.6653304696083069, 0.66353440284729, 0.6657597422599792, 0.6653125882148743, 0.6658045649528503]
Local Test Loss:  [0.28447413444519043, 0.2558118402957916, 0.3454156517982483, 0.35341399908065796, 0.30799946188926697]
Model Complexity:  []
Dataset	k
diabetes	4

E-F1	E-AUC	E-ACC
0.460	0.577	0.598

F1	AUC	ACC
0.470	0.556	0.598

SIL	NHFD	WDFD	W-NHFD
0.240	1.609	1.222	1.640

Train Loss	E-Train Loss	Test Loss	E-Test Loss
23.879	nan	0.666	0.665

ExpertNet
CIC_LOS
k = 1
n_clusters 1
alpha 1.0
beta 0.5
gamma 1.5
delta 1.0
cic_los


Experiment  Run
range(0, 5)
Test F1:  [0.4679988553467158, 0.46918638169007726, 0.4594572767091853, 0.44080766410876954, 0.4509381429714865]
Test AUC:  [0.6505073779812598, 0.6584687120427043, 0.6646879472413928, 0.6626013316382167, 0.6781538073832164]
Sil scores:  [0, 0, 0, 0, 0]
NHFD:  [1.8019999999999992, 1.8019999999999992, 1.8019999999999992, 1.8019999999999992, 1.8019999999999992]
WDFD:  [0, 0, 0, 0, 0]
Train Loss:  [[29.519, 15.155], [27.946, 14.599], [26.987, 14.074], [26.61, 13.873], [26.49, 13.779], [26.135, 13.542], [25.911, 13.39], [26.771, 13.671], [27.579, 13.817], [27.375, 13.615], [26.971, 13.29], [26.258, 13.142], [27.377, 13.524], [28.364, 13.767], [28.621, 13.732], [27.535, 13.3], [26.072, 12.857], [25.959, 12.739], [26.557, 12.858], [27.099, 13.065], [25.828, 12.582], [24.519, 12.038], [26.587, 12.847], [27.575, 12.854], [27.379, 12.933], [25.644, 12.272]]
E-Train Loss:  []
Test Loss:  [1.0358202457427979, 1.0109333992004395, 1.0589792728424072, 1.0130923986434937, 1.0195350646972656]
E-Test Loss:  [1.0358202457427979, 1.0109333992004395, 1.0589792728424072, 1.0130923986434937, 1.0195350646972656]
Local Test Loss:  [1.0358202457427979, 1.0109333992004395, 1.0589792728424072, 1.0130923986434937, 1.0195350646972656]
Model Complexity:  []
Dataset	k
cic_los	1

E-F1	E-AUC	E-ACC
0.458	0.663	0.504

F1	AUC	ACC
0.458	0.663	0.504

SIL	NHFD	WDFD	W-NHFD
0.000	1.802	0.000	0.000

Train Loss	E-Train Loss	Test Loss	E-Test Loss
20.134	nan	1.028	1.028

k = 2
n_clusters 2
alpha 1.0
beta 0.5
gamma 1.5
delta 1.0
cic_los


Experiment  Run
range(0, 5)
Test F1:  [0.4646413244395646, 0.4618599649659098, 0.47782107337735596, 0.45929841780563185, 0.4549951360355418]
Test AUC:  [0.6524268256517557, 0.6481914412504335, 0.6760617836644437, 0.6564234395635801, 0.6660934415656833]
Sil scores:  [0.20538451, 0.21614553, 0.21303841, 0.23331395, 0.28910363]
NHFD:  [1.1112241379310344, 1.0612155172413789, 1.011275862068966, 1.1507500000000013, 1.171879310344829]
WDFD:  [0.3917442867130357, 0.4100172388014944, 0.416504127349646, 0.38185574644140563, 0.4564889504422113]
Train Loss:  [[25.535, 10.245], [22.458, 9.069], [19.183, 8.271], [18.418, 7.955], [18.343, 7.877], [17.851, 7.613], [17.786, 7.478], [17.516, 7.466], [17.39, 7.343], [17.45, 7.329], [17.532, 7.241], [17.871, 7.249], [17.053, 7.084], [16.688, 7.021], [16.37, 6.914], [16.556, 6.888], [16.244, 6.833], [16.252, 6.778], [16.111, 6.763], [16.514, 6.837], [16.612, 6.797], [16.663, 6.753], [16.158, 6.697], [16.124, 6.666], [15.977, 6.64], [15.803, 6.536], [15.595, 6.456], [15.603, 6.444], [16.654, 6.631], [16.116, 6.448]]
E-Train Loss:  []
Test Loss:  [1.0210014581680298, 1.0179541110992432, 1.030718445777893, 1.0119048357009888, 1.0133967399597168]
E-Test Loss:  [1.0180044174194336, 1.017244577407837, 1.0275670289993286, 1.0104726552963257, 1.0120558738708496]
Local Test Loss:  [0.5420032739639282, 0.526242196559906, 0.525363028049469, 0.5598491430282593, 0.5640887022018433]
Model Complexity:  []
Dataset	k
cic_los	2

E-F1	E-AUC	E-ACC
0.456	0.672	0.509

F1	AUC	ACC
0.464	0.660	0.510

SIL	NHFD	WDFD	W-NHFD
0.231	1.101	0.411	0.037

Train Loss	E-Train Loss	Test Loss	E-Test Loss
12.279	nan	1.019	1.017

k = 3
n_clusters 3
alpha 1.0
beta 0.5
gamma 1.5
delta 1.0
cic_los


Experiment  Run
range(0, 5)
Test F1:  [0.4534597792691962, 0.4582086647921427, 0.47577295512096685, 0.46722078545932283, 0.4346847123043976]
Test AUC:  [0.6428027713005474, 0.6575530180935026, 0.6244703033083853, 0.6412325061940808, 0.6582198483210132]
Sil scores:  [0.032847714, 0.13604811, 0.17772433, 0.058870077, 0.08982251]
NHFD:  [0.9449856321839084, 0.9408965517241382, 0.913474137931035, 0.9702701149425291, 0.8538275862068964]
WDFD:  [0.39119848808903274, 0.3915467152580076, 0.43617513962863863, 0.4049765231514888, 0.3782894722373964]
Train Loss:  [[24.619, 8.265], [20.928, 6.889], [16.056, 6.064], [15.699, 5.824], [15.221, 5.734], [14.986, 5.551], [14.65, 5.428], [14.195, 5.274], [14.012, 5.195], [13.995, 5.218], [13.819, 5.13], [13.734, 5.074], [13.655, 5.051], [13.525, 4.986], [13.704, 4.979], [13.664, 4.95], [13.25, 4.825], [13.176, 4.771], [13.261, 4.799], [13.036, 4.719], [12.982, 4.688], [13.005, 4.645], [12.957, 4.651], [12.917, 4.656], [12.704, 4.585], [12.847, 4.576], [12.69, 4.516], [12.691, 4.468], [12.486, 4.438], [12.756, 4.444], [12.878, 4.481], [12.787, 4.421], [12.722, 4.39], [12.423, 4.301], [12.346, 4.321], [12.084, 4.195], [12.256, 4.229], [12.225, 4.216], [12.197, 4.168], [12.175, 4.111], [12.422, 4.201], [12.158, 4.067], [11.771, 3.935], [11.673, 3.898], [11.567, 3.834], [11.374, 3.76]]
E-Train Loss:  []
Test Loss:  [1.0136005878448486, 1.0683162212371826, 1.0787080526351929, 1.0245786905288696, 1.0273841619491577]
E-Test Loss:  [1.0068511962890625, 1.066309928894043, 1.0732816457748413, 1.0219142436981201, 1.015610694885254]
Local Test Loss:  [0.37340226769447327, 0.398222416639328, 0.431986540555954, 0.3965204358100891, 0.37375757098197937]
Model Complexity:  []
Dataset	k
cic_los	3

E-F1	E-AUC	E-ACC
0.460	0.664	0.505

F1	AUC	ACC
0.458	0.645	0.500

SIL	NHFD	WDFD	W-NHFD
0.099	0.925	0.400	0.045

Train Loss	E-Train Loss	Test Loss	E-Test Loss
9.165	nan	1.043	1.037

k = 4
n_clusters 4
alpha 1.0
beta 0.5
gamma 1.5
delta 1.0
cic_los


Experiment  Run
range(0, 5)
Test F1:  [0.4228382828454417, 0.451865620965332, 0.458083288742053, 0.4082793639669833, 0.43962817735898096]
Test AUC:  [0.6253134000009308, 0.6445790660741766, 0.6545472804367137, 0.6150918144189806, 0.6492121445853025]
Sil scores:  [0.07164136, 0.104491666, 0.03546625, 0.18274851, 0.25256452]
NHFD:  [0.9009935344827591, 0.936359913793104, 0.8289116379310351, 0.8435000000000004, 0.8441185344827593]
WDFD:  [0.49537293827882184, 0.5322686950161664, 0.5105281844693762, 0.4307238774747262, 0.4512678029895029]
Train Loss:  [[27.559, 8.085], [25.413, 7.096], [22.078, 6.046], [20.769, 5.493], [18.567, 5.211], [17.608, 5.172], [16.026, 5.063], [15.151, 5.022], [14.973, 5.058], [14.797, 4.972], [14.302, 4.881], [14.252, 4.841], [14.256, 4.875], [14.07, 4.787], [13.802, 4.703], [13.806, 4.65], [13.736, 4.613], [13.492, 4.496], [13.34, 4.494], [13.186, 4.411], [13.152, 4.356], [13.126, 4.343], [13.15, 4.281], [12.939, 4.181], [12.874, 4.181], [12.811, 4.06], [12.645, 4.034], [12.639, 4.005], [12.606, 3.978], [12.443, 3.909], [12.521, 3.848], [12.495, 3.796], [12.428, 3.788], [12.361, 3.799], [12.287, 3.715], [12.137, 3.689], [12.517, 3.752], [12.181, 3.577], [12.614, 3.778], [12.517, 3.767]]
E-Train Loss:  []
Test Loss:  [1.016475796699524, 1.0539233684539795, 1.043408989906311, 1.0309009552001953, 1.0509588718414307]
E-Test Loss:  [1.0131129026412964, 1.0446420907974243, 1.0323259830474854, 1.0163956880569458, 1.0472973585128784]
Local Test Loss:  [0.33212989568710327, 0.36353152990341187, 0.32085320353507996, 0.3755533993244171, 0.428516149520874]
Model Complexity:  []
Dataset	k
cic_los	4

E-F1	E-AUC	E-ACC
0.442	0.664	0.503

F1	AUC	ACC
0.436	0.638	0.498

SIL	NHFD	WDFD	W-NHFD
0.129	0.871	0.484	0.035

Train Loss	E-Train Loss	Test Loss	E-Test Loss
9.580	nan	1.039	1.031

